0.7002970786202424
0.8804897365966492
0.048189287833217485
0.7460836434055029
0.007726025322165318
0.14945706163565212
0.39879511446919585
0.5731337723079075
0.7854569005990074
0.1353275411624614
0.6159044199187638
0.828173804251831
0.7594933115265596
0.05996678234481114
0.0342431284845084
0.9447719396172577
0.28227970748037634
0.1956042619876353
0.7962380240734368
0.7610733658205379
0.9191968171756311
0.20176338187624404
0.4191881914137445
0.06616782703697052
0.16777174941008136
0.8304165350238812
0.4977638549131662
0.1388446969023433
0.04552409698879557
0.05396476195377727
0.34065728282551444
0.7642413694469464
0.6268110773421162
0.22787892158683104
0.9170359488889338
0.3307720893745928
0.39863256821429904
0.33987356051151674
0.29939194757451726
0.4288148875982204
0.5375429873804956
0.07653405227953532
0.6363700886062503
0.35330525821439546
0.7321213083026223
0.2965882357595647
0.4838326717510495
0.3083970548912047
0.2915899796474958
0.7719049164404005
0.7118668256195233
0.04217845052657155
0.9706972455223504
0.37792402268919917
0.37582352455423335
0.9098619450990769
0.5579804005842087
0.6648368836732422
0.718782684363571
0.5445602103413307
0.06047298896809727
0.09194764443395817
0.285329695928394
0.4038151136932897
0.3473160813875143
0.11545499097799901
0.15937710354823376
0.20661711792888887
0.3872227372240461
0.7326731627561378
0.49664779777748624
0.333895230042396
0.5757752461340295
0.15984574916906422
0.44915618744852326
0.7830800401218161
0.10279165302974644
0.6315337687930521
0.7616340376534634
0.6234613810735864
0.39483244525179745
0.6009152088452132
0.7661038667780713
0.8708677170643291
-0.000000004459842702046437
-0.00000014470415360818643
-0.0000002672684906617103
-0.00000019638596767664802
-0.0000007951551211166482
-0.000003045593623226613
-0.000028977388354709384
-0.000004367725799299457
-0.000017909574864862606
-0.00007975936330004306
-0.00001837725748695572
-0.00011796154130255374
-0.00014749714631664333
-0.0002414344246915928
-0.000387029676263646
-0.00044637626610000576
