0.7002970676044846
0.8804895282371737
0.0481884125021578
0.7460832662377203
0.007722731040497749
0.14944743697569474
0.3987950954656726
0.5731334538678758
0.7854563151344431
0.13532690223369187
0.6159025931022705
0.8281686946804175
0.7594932960264664
0.05996597192278138
0.03424176738583411
0.9447715796667653
0.2822769301870271
0.19559313731231368
0.7962380086324843
0.7610730367784859
0.9191962279731019
0.20176252695553112
0.41918529881580735
0.06615322769515354
0.16774272753076214
0.8304121614989691
0.4977459229890916
0.13876470822713866
0.04550569045734281
0.05384651301192107
0.34062829942627293
0.7642370024556921
0.626793172857151
0.22779903970615095
0.9170175702784478
0.33065400383441657
0.3986036545774747
0.3398692046235391
0.2993740915155333
0.42873519465846405
0.5375246583119938
0.07641626029701833
0.6363411212817425
0.3533008926347501
0.7321034046140509
0.2965083957107493
0.48381429740201815
0.30827901255111534
0.29156122318849975
0.7719005851180019
0.71184905907862
0.042099200856590836
0.9706790120111106
0.3778068515108493
0.3757951133243775
0.9098576712130819
0.5579628504394198
0.6647586205720855
0.7187646746580081
0.5444444496956055
0.060339623183284154
0.0917300550780645
0.28498180551048913
0.4034114303222288
0.3471707028446803
0.11521786404671307
0.15899787905996646
0.20617714847003776
0.38707930033201193
0.7324391931130461
0.4962736414078759
0.3334611298493053
0.5756484419579663
0.15963877868643578
0.4488253599003869
0.7826960841728997
0.10264722376327216
0.631298181304949
0.7612572905866177
0.6230242694044767
0.3947076614311731
0.6007115235098553
0.7657783035375291
0.8704898879734732
-0.000000009224663935991866
-0.0000002938832839234881
-0.0000005422420056371112
-0.00000038820009029454205
-0.0000016141259547809865
-0.000006134901212190203
-0.00005800357745913308
-0.000008741780878075258
-0.00003584352899831534
-0.00015975913244445095
-0.00003678625077401006
-0.00023622674292955135
-0.0002957204636098234
-0.0004831525350001845
-0.0007736584849822796
-0.0008948892942691175
