0.3381077537264053
0.7658305249627562
0.08268218870984144
0.08680189720577644
0.08234604119339142
0.40516316387615303
0.8683002535296414
0.9464967453800492
0.6321459423377362
0.8619308542757115
0.5543747533967547
0.9424492832040473
0.17283690585198327
0.921382189871355
0.13355697666215527
0.4742526019266904
0.0889168202383673
0.6890886844438715
0.2600275123672727
0.6140291308558531
0.5275820234702159
0.5263699856395778
0.7982301119372724
0.8930933282798611
0.5645263314213622
0.6343968944288684
0.8025694402051717
0.6568100860794426
0.8721551727107035
0.38122771509711806
0.4377926419261171
0.8914451419057814
0.38366854322350263
0.44150765569147515
0.7346854440287464
0.203916790775497
0.697076732680358
0.25109694160222584
0.2049367488869598
0.4781100759370284
0.34074314529446526
0.9632877951760215
1.2283386512696122
0.6365915011277047
0.6705620371016292
0.9543993437767098
0.48489031997347115
1.0032472041861138
0.5729223248941899
1.139318831919901
1.1475764452016006
1.1470960624663218
0.3444431792881183
1.0521794767396344
0.5091992187954802
0.7151298186655707
0.894031861578832
0.261455902169719
1.021592139097783
0.779331174700554
2.116461250815215
2.081360212847872
2.03319959188079
2.5784710029278655
2.1017014814701223
1.9010434217924808
2.5204358372065996
2.3990715911360456
1.9282952695787847
2.4374325207513676
1.7106071644629801
1.9610047861278108
1.757338863511542
2.364984520486258
1.9887182166049173
2.1057524627741686
2.136232682768317
2.1919867150594934
1.664656215001694
1.944122342192959
1.849102173310969
2.4884170152210427
1.804796878079608
1.951235346121027
0.008523169247510318
0.00010192902155316819
0.006238792092274511
0.0027125205020712283
0.008057429111959287
0.0001978909645321638
0.2839010731719302
0.19764208071183353
0.19021497860802888
0.2595445285433247
0.2857458701818704
0.1330550729913323
1.594320810852711
1.6041882451035447
1.674811463553843
1.97218381783299
