0.7002957232433624
0.8804595308921164
0.04805442154929609
0.7460255729472768
0.007213174075294132
0.1479389506681224
0.39879237101488363
0.5730850540732007
0.7853692235417589
0.13522165172453493
0.6156183370539713
0.8273743289061622
0.7594915057063821
0.05984079995731793
0.03404588735368906
0.9447181052183463
0.2818595232925778
0.19387280355890824
0.7962362344438046
0.7610255246345841
0.9191117776859977
0.2016316442378259
0.41875841179572226
0.06384333189731922
0.16342521202978566
0.8298188277768259
0.4950069245324553
0.12610513831445633
0.04261977115990152
0.034466044298316824
0.3363158976080536
0.7636445437074603
0.6240585710112935
0.21515449552118143
0.9141360177445034
0.3112990846912565
0.3943010479059679
0.3392781976319917
0.2966470300983897
0.416118121683683
0.5346508249048947
0.05710772346741469
0.6320320886755755
0.35270864764399057
0.7293681738000346
0.2838734813436338
0.48093315697114714
0.28893192267674006
0.2872824982091707
0.7713130547456121
0.7091336767496835
0.029556402924565822
0.9678186151108493
0.3585960614876861
0.37156732851185936
0.9092786650673409
0.5552783155607991
0.6523790658908589
0.7159371971271598
0.5254581894923901
0.04097365447308718
0.05703764936178647
0.2270790262908717
0.3381062308286207
0.3260295669776593
0.07736355935866109
0.09578003517655051
0.13489643996033998
0.36622571189212544
0.6950975691248527
0.43391843805893576
0.2631507645572735
0.5573213052835527
0.1267859422104405
0.394051378366874
0.7208957666387766
0.08164847644355391
0.5936963462054259
0.6984666756195341
0.55222125117168
0.376737202975495
0.5685138580059771
0.7121173504771101
0.8099514522081417
-0.0000004347797143182247
-0.00002181334507431587
-0.00003979243786514871
-0.00002918802193321481
-0.00012314441154113553
-0.00048394011350767595
-0.004375990360399021
-0.0006021067415716139
-0.002774965810786283
-0.012820401842332173
-0.002922925884669421
-0.01961836655743479
-0.021855116347923587
-0.039065639836022834
-0.06522975545905825
-0.07356071910052167
