0.25771473689633884
0.9236995079231929
0.6896022585231922
0.3118369724984005
0.5270692162349698
0.3911133072792658
0.9849291712062691
0.5468036868674132
0.09533266609155026
0.9976366965871857
0.6126969720660987
0.049430837547346215
0.30258752910927905
0.5540134536804798
0.22162650997155944
0.038934054195377335
0.5910849239198003
0.5228662903059568
0.8147592208756272
0.3578703348916032
0.32789131791140924
0.36614552027660835
0.7305948690787774
0.3981346395742752
0.5566872814139341
0.22282553705191935
0.12814827613483123
0.26329693374497204
0.8227489955549117
0.8149308459346806
0.8492382111755328
0.1737455289357599
0.5011484573386393
0.36867858094053857
0.45867804835041576
0.5706166179024129
0.08989615634455517
0.971932530580796
0.5161071430460699
0.5403777182466929
0.6765125956207568
0.9207023579238692
0.4935629769814283
0.1173667583705513
0.09752089912934889
0.9787101432502198
0.32257711786221116
0.06872519776331659
0.6381717996315482
0.7140720976215851
0.6395685202574638
0.21492737772214934
0.9289051873585503
0.8011511882977654
0.7667946471178887
0.9138246292139609
0.19059917652131128
0.3645638455162914
0.2911642856246117
0.7177363400730573
0.48271164761816693
1.0660809688480122
0.6636903011767745
0.5695327613769134
0.6404114421920898
1.1490380521762529
0.6378935890306477
0.9563879490021556
0.8795665662355976
0.5812702100752086
0.8773387587808513
0.6290275699884134
1.1940004658260026
1.0338816916805385
0.9679129607835957
1.425804619198702
1.1592127282207798
0.641997355940095
0.7428502384006976
0.5297932331588276
0.4567550286475486
0.7392959129988484
1.0804721479602033
1.0810937736866002
0.00010715222902101367
0.00015302758137504373
0.003085415592170403
0.0015072305233848502
0.00011119776108734516
0.0011388786513560996
0.02686112751907488
0.05097351953260535
0.09086316227593899
0.11171803135718009
0.023644496220806575
0.02047817262906609
0.30333379895327983
0.504442306719991
0.19244598360830642
0.545210893895197
