0.700295819715182
0.8804612680322892
0.04806046574002926
0.7460269708285124
0.0072332146058719645
0.14799428107861348
0.3987924878456336
0.5730873752243772
0.7853733232361311
0.13522317565304678
0.615627728050011
0.8274060005589503
0.7594916898597929
0.059846583547893024
0.03405719045736076
0.9447204224730076
0.28187948322576745
0.1939609381568551
0.7962363640067405
0.7610284616551762
0.9191163327138138
0.20163423628121874
0.4187786805883685
0.06393148108921451
0.16352719307003055
0.8298417106863685
0.4951091287142116
0.1265292137971731
0.04270362114243379
0.03509179001569134
0.336417493921947
0.7636673783678818
0.6241606485000382
0.2155772269809119
0.914219698360105
0.3119233241748854
0.39440212005148395
0.33930094436877195
0.29674884143614383
0.41653888799188377
0.5347342094472143
0.05772960903430418
0.6321340566728458
0.3527315047589855
0.7294701203398555
0.28429738860622306
0.4810168485968517
0.2895568643221471
0.2873832118463949
0.7713357280207693
0.7092343948072323
0.029976381080244353
0.9679011129165941
0.35921368723832825
0.3716662417703021
0.9093011900826642
0.5553766351049926
0.6527946621090388
0.7160175621165744
0.5260635451279198
0.04291228045468736
0.058737126620284345
0.22837008182864013
0.33962227883171253
0.3281475544709451
0.0792237477902538
0.09719110211771206
0.13655479285895322
0.36831444710068384
0.6969316487251185
0.4353098824509435
0.2647860670977498
0.5591494688865831
0.12838175111229336
0.3952677811386415
0.722321639481218
0.08375192902406196
0.5955433318247728
0.6998679108994256
0.5538678321384173
0.37851997931104586
0.5700694313427648
0.7133025393131791
0.8113428146321525
-0.0000003687399990995642
-0.000020502465985900204
-0.00003742005135779517
-0.00002843626696937599
-0.00011734166060307429
-0.0004630571274217078
-0.004273968398885101
-0.000579213860675952
-0.0026727205669689227
-0.012396154019364398
-0.0028390410397219437
-0.018992383649477165
-0.019696832848969965
-0.03716707408422563
-0.06379111260326191
-0.07186925844832269
