0.7002958662806867
0.8804621237249219
0.048063486527436534
0.7460276487075966
0.007243303418220782
0.14802153202477186
0.3987925467539314
0.5730885397043656
0.7853753784179753
0.13522398651975698
0.6156324136287432
0.8274216506528722
0.7594917798490503
0.05984946115689282
0.03406281459023898
0.9447215767733766
0.2818893956419339
0.194004564048462
0.7962364270677227
0.7610299166805319
0.9191185929047224
0.20163551315786704
0.418788739426024
0.06397487689525917
0.16357774112699902
0.8298531783013828
0.4951594760792978
0.126739355850922
0.04274485040788601
0.03539955193814475
0.3364678495911321
0.7636788220617221
0.6242109347121007
0.2157866998280526
0.9142608447525755
0.312230341581266
0.39445221808816705
0.33931234432754637
0.29679899343422045
0.41674740106022684
0.5347752060694045
0.05803546374778816
0.6321845968684916
0.352742958901319
0.7295203403871717
0.28450743764819775
0.48105800030306584
0.2898642257421236
0.28743313814629634
0.7713470897700199
0.709283990791101
0.03018451773278623
0.9679416624482547
0.3595174163947413
0.37171526926447473
0.9093124789637187
0.5554250603679604
0.6530006202156846
0.716057068941034
0.5263612557697831
0.04388844591613814
0.059552363108983514
0.22902078127165884
0.34035840516292887
0.32921399041318766
0.08011607545967428
0.09790227969829209
0.13735995931229478
0.36936616602866285
0.6978114588752115
0.4360111704047535
0.2655800638628985
0.5600702727502652
0.12914739692134727
0.3958810566561171
0.7230141425145628
0.08481105321479289
0.5964293274293522
0.7005741223871316
0.5546673032395405
0.37941811153707816
0.5708159199833193
0.7139001869442795
0.8120187549975855
-0.00000033727386380116403
-0.00001985723729719329
-0.00003624767163228383
-0.000028063886967340417
-0.0001144468746959941
-0.00045274565767797426
-0.0042234017443378135
-0.0005677414183898173
-0.0026223532298556076
-0.012185931342953364
-0.0027977954647933523
-0.01868450999981982
-0.01861010485326929
-0.0362562940021451
-0.0630660234432683
-0.07104803292105374
