0.2580063036522909
0.9239672492421983
0.6940469069589787
0.3144765397575971
0.5272892295661833
0.3935571886164913
0.9851320184392657
0.5471139829033128
0.10440643995595494
0.9994840366095803
0.6129082810999308
0.05291349318702166
0.3030437565151954
0.5545636476168139
0.23351885361975103
0.04493215148951121
0.5914212977967879
0.5267834310763032
0.8151251899514443
0.35848346568108025
0.33718240451699416
0.3708152888882792
0.7309165276105549
0.40229216058200773
0.5911153450965329
0.2722791729747836
0.21889110972117928
0.3414144609057236
0.8563134907128487
0.8408855623671536
0.8836476684406824
0.22318020193951763
0.5918947502706776
0.4467979709014651
0.49224072437272615
0.5965730405965168
0.12392550785977449
1.0206208367961431
0.6057600234020244
0.6171799391608717
0.709651203467189
0.9462982373695689
0.5276150884711237
0.16620646444558448
0.18772544463679974
1.0560297460838761
0.35597090417268207
0.09440822767359726
0.6726151069956533
0.763556420047592
0.7303457520803255
0.2930962651665654
0.962478617754787
0.8271246745826241
0.8010150033351482
0.9629751380566239
0.2805721908082462
0.44209720130116653
0.32441111539566386
0.7435273119914928
0.8177254186574551
1.4263013693416777
0.9863789899139364
0.9358832585343564
0.9729797153804558
1.507008920960402
0.9586549082771122
1.3199615863625296
1.1973241233646073
0.9231591633486254
1.1838791120919978
0.9761466479962959
1.5241022056646647
1.388565298270498
1.28612418604047
1.7860883779119054
1.4951187957821674
1.003231170833213
1.066524781882585
0.896974757619591
0.7952587837551964
1.1034567469010113
1.4066593589005343
1.4512877000843152
0.0002529011598725863
0.0003481521386536256
0.005988811527892111
0.002861279266274767
0.0002457635007264243
0.002379293006702147
0.06133057538752131
0.10049998818997433
0.18169463346236692
0.18994841064027004
0.057237696562490684
0.04647263352148445
0.6482234087456827
0.875347201240754
0.5245241117935974
0.9225817388615686
