0.2580904912924738
0.9240414417996198
0.6951719126662506
0.3151672297411686
0.5273480532107426
0.3942369542763681
0.9851913806335434
0.5472019306121306
0.10666938917824706
0.9999646451513199
0.6129665548311786
0.05390987760391061
0.3031812508982849
0.5547221459299122
0.2365346551550164
0.046492759056134585
0.591517381094059
0.5278735028747742
0.8152311614949984
0.3586578563746734
0.33955994166997255
0.3720414019262404
0.7310047476865625
0.4034323468641121
0.6011317962831852
0.285410395838666
0.24040426614350469
0.3593208297701497
0.8658738681523622
0.848441597669735
0.8936596571595801
0.23630698389801472
0.6134080984476132
0.46470430599079743
0.5018005010097478
0.6041292736230299
0.13382787144420527
1.033563661427849
0.6270227128177209
0.6348098292498363
0.7190952379202504
0.9537557845698796
0.5375281248669819
0.17918526751765002
0.2091007364156097
1.0737587992934843
0.36547631278585885
0.10188883922304015
0.6826362726512522
0.7766957017894794
0.7518677632608856
0.31101423159525715
0.9720420622465712
0.834685946479998
0.8109709796788139
0.9760255609907863
0.3019122552314139
0.4598727832643751
0.33388701830093015
0.7510356759738119
0.9026870447307536
1.5275686252220766
1.075095480972272
1.031256850693688
1.0575654591038406
1.6079154168230718
1.0470695440021578
1.4148990680043265
1.2796790449542403
1.0213798909449114
1.2699627423856847
1.0685438874559998
1.60849106730496
1.4891023561269374
1.3742868137030244
1.8806934909219029
1.5802667449417869
1.1047296728495077
1.1554615982796177
0.992525831004218
0.8809243514531858
1.2056032816930229
1.4961412499581515
1.547456679897662
0.00029539434619497203
0.00040303662455725163
0.006731170927188206
0.0032148718451676245
0.0002825318363040219
0.0027236936932497537
0.07135891786214382
0.11364985545159426
0.20322973668755542
0.20788022760664612
0.06680685712384278
0.05403980964100775
0.7353229402258072
0.9791692414818167
0.6154412889532522
1.0204027774911837
