0.25817395941305377
0.9241167123223412
0.6962017699150732
0.31581686461347097
0.527407501463411
0.3948936134115201
0.9852503847909769
0.5472873014386116
0.10865166593852325
1.000414314809877
0.6130233614646482
0.05480581676461155
0.3033172145801579
0.5548776225924869
0.2392532491573339
0.047933247626816285
0.5916122973966057
0.528888069176784
0.815339153619855
0.35883486512073914
0.3417395721287153
0.3731943190898193
0.7310959620124867
0.40451859180794797
0.610595769425673
0.29744648988560285
0.25944684367205306
0.3750730002210836
0.8748917709132326
0.855619733829868
0.9031193205124172
0.24833884277734902
0.632450090536402
0.48045603287752003
0.5108175119039073
0.6113073431447255
0.14318528735663463
1.0454328937790178
0.6458459273269352
0.6503271978926097
0.7280047769521673
0.9608427993689911
0.5468944020992388
0.1910825958783072
0.22801420946080828
1.0893536890634101
0.37443845571662937
0.10899488956215636
0.6921049478137046
0.788739425252432
0.770918643100756
0.32677688132180255
0.9810631416929964
0.8418691304619098
0.8203769428172433
0.987987806033297
0.32080232048379903
0.47551109332053015
0.3428259390218412
0.7581684807336251
0.9811011220584633
1.6226207444159066
1.1601819579972756
1.1177096751248545
1.135699673083295
1.7026967057184665
1.1319282611327637
1.5010288599120218
1.3561295331726515
1.114055841195247
1.3529910450449836
1.1527491406344614
1.6865259101519812
1.583640397836535
1.458996240409611
1.966612344823906
1.6588349640139821
1.1999780876535522
1.2407372256436333
1.079122895161993
0.9599229493009847
1.3014062314794248
1.581888512957799
1.6345652850765116
0.0003389639958305122
0.0004593284902728198
0.007408668901277925
0.0035490588014873
0.000320619576025538
0.0030509388674049196
0.08083522922607095
0.125704268769988
0.2222935660587332
0.2236561045870571
0.07583403742618099
0.06122907015591794
0.8155748000006027
1.0764697332461146
0.7024947551094658
1.1089345314773875
