0.700296069846983
0.8804656054042228
0.04807496407957801
0.7460305594668457
0.007282439949851839
0.14813007178105145
0.39879279754205643
0.5730932133107085
0.7853834834210643
0.1352272830073913
0.6156511450216414
0.827484505189909
0.759492165809664
0.05986089501118595
0.03408465945213522
0.9447263615292428
0.2819284406130837
0.19417677314404067
0.7962366997100719
0.7610357775781291
0.9191275577179365
0.2016409769617326
0.4188290119257347
0.06414988577030893
0.16378067257526194
0.8298992319567429
0.49536153950490847
0.12757252997122953
0.04291026782646971
0.036624188284191624
0.3366700033138493
0.7637247782151709
0.624412746851385
0.2166171946919247
0.9144259218155847
0.31345198540254865
0.3946533564282928
0.3393581272501973
0.29700029753066953
0.41757411997403837
0.5349397131132418
0.05925262509098051
0.6323874817571098
0.3527889558024722
0.7297218755037828
0.28534020602203214
0.481223090564736
0.2910871805414855
0.28763353146217924
0.7713927122235866
0.709483096158035
0.031009554047148544
0.9681043928137558
0.36072604437526523
0.3719120415328148
0.9093577962213257
0.5556193889355078
0.6538169960568873
0.7162155532386808
0.5275456362953204
0.04774625700701052
0.0628428305432678
0.2316494436066817
0.3432355679480054
0.3334282044677543
0.08371732852499651
0.10077493281582119
0.14050689368165567
0.37352231971427935
0.7013622954892641
0.4388439826171803
0.2686833661637959
0.5637109778888721
0.13223927947178926
0.3983595715406341
0.7257220496246918
0.0889964305159133
0.6000051027349859
0.7034268125959765
0.5577919507718222
0.3829704573015034
0.573831639350308
0.7163165765116097
0.8146627584427995
-0.00000019585913466056035
-0.000017213723558829103
-0.00003157825410707348
-0.000026466230370428134
-0.00010290537833521005
-0.0004113039010501173
-0.00402038103500249
-0.0005216660676989595
-0.002420204002784209
-0.011352388337130157
-0.0026323042017498996
-0.017459374328970878
-0.014315708701741524
-0.0325806568677572
-0.060137235986447116
-0.06783819867766014
