0.2583190189981536
0.9242431909775355
0.6979530733486715
0.3169344085516078
0.5275051576900901
0.3960460255096013
0.9853528612627361
0.5474348061598461
0.11213849921727319
1.0011851935327605
0.6131189132932835
0.05645953492208312
0.303554771331883
0.555148308588529
0.24394635403978102
0.050405022118443256
0.5917746580237152
0.5306913023178794
0.815526342621672
0.35913636818649625
0.3454781556205913
0.37518046987169
0.7312468849386284
0.40640951284027244
0.627797393527599
0.31876470530138384
0.2918228535689198
0.4019676868680937
0.8914916586847254
0.8689022768060938
0.9203137790163283
0.26965032647073134
0.6648251616510874
0.5073502575045328
0.5274158381745185
0.6245898764625959
0.16020243872700535
1.066472656795277
0.6778647571583174
0.676844494372366
0.7444144254109228
0.9739655901714779
0.5639298089901181
0.21217218280820024
0.26017926085860876
1.115997066497177
0.39093930628381396
0.12215235725091218
0.7093145167231366
0.8100702373946126
0.803308144325301
0.3536884309651174
0.9976686319870713
0.8551604483339076
0.8374772380740059
1.0091795736459543
0.35293202506623433
0.5022193715985707
0.3592885913437994
0.7713702840511399
1.1339372677367545
1.7836127645488833
1.3064068711295311
1.2872259523167227
1.288124169617866
1.8633650769147565
1.277874296774739
1.670072577201715
1.5059855718753552
1.271957957399043
1.4964749544349591
1.3188684181470665
1.8388880748449656
1.7440715491136922
1.6048239426082722
2.1354371766092974
1.811937520290077
1.3612642397045993
1.3872518714772117
1.2488922617321088
1.113757747379832
1.463508489436391
1.7291094376856693
1.8052030594198516
0.0004131329451357197
0.0005536790997003696
0.008567523921147343
0.004117056350381683
0.00038299467118997583
0.0036216067940962786
0.09805708164878905
0.14705198079522752
0.25470304698478125
0.25058817285287743
0.09244960334402741
0.07453057287167965
0.9716833034966494
1.2409226390321413
0.8518031137123889
1.2821577008071112
