0.2583889615324507
0.9243053028573063
0.6987365639264576
0.31745428379044766
0.5275536461949843
0.3965763051082219
0.9854043937432617
0.5475061206043454
0.11364056408322545
1.001543073452905
0.6131672330440121
0.05720190897315591
0.30367391788692966
0.5552789889056553
0.24602067541631295
0.051552641766574106
0.5918555214883328
0.5315186283103647
0.815619203811341
0.35927905059031123
0.34713583899915823
0.37610276988522057
0.7313212493265402
0.40727034013902175
0.6358235679097057
0.32838414247387765
0.3058045160519607
0.4135562165285629
0.8991268243598534
0.8751158000805946
0.928336932545767
0.2792669119677033
0.678806488626895
0.5189385582967763
0.5350503627754186
0.6308033905773031
0.16814336109306394
1.0759702760747047
0.691694683721597
0.6882763627152049
0.7519636179824829
0.9801064070203526
0.5718780239984068
0.2216885265337245
0.2740644711023821
1.127475400357861
0.39852549987030655
0.12830680456672644
0.7173446225385405
0.8196954978703861
0.8172960934198994
0.36528441258812866
1.0053066780823028
0.8613781455406184
0.8454552697351166
1.0187413851772096
0.36680870972273716
0.5137285528389773
0.36686172363637426
0.7775458831574733
1.1994020989135363
1.8643174221540757
1.37778533761624
1.3606489903459724
1.3534545888916054
1.9439508482253076
1.3491542505068714
1.7433403841721309
1.5704474100265942
1.3514398043861102
1.5668023067616856
1.3911264763059303
1.9042322461042576
1.824598202152049
1.6760904818420659
2.208658335678265
1.8775028556551467
1.4420986287083302
1.458754211224535
1.3224110033960925
1.1795961645843969
1.5447011154894568
1.8009133871687508
1.8790527369803425
0.0004507061965945143
0.0006001575001728104
0.009087190739552354
0.004384002690743283
0.00041482459678841756
0.0038880645538225283
0.10609351569881555
0.15668556109759937
0.2687007417083958
0.2621938156131975
0.10009295340429408
0.08075342724244712
1.0384307146658716
1.3232178117890592
0.9245603891195987
1.3570531403103696
