0.7002969423113442
0.880487220935252
0.048178131578649266
0.7460790792257227
0.007686247885504801
0.14934395790596625
0.3987948708334394
0.5731298935692724
0.7854497012264752
0.13531927837501956
0.615882321215294
0.8281130911230594
0.7594931220758493
0.0599569994627804
0.0342265770492194
0.9447675192633105
0.2822462693695085
0.19547135932843906
0.7962378432667914
0.761069428201754
0.919189761000813
0.20175314949341136
0.41915426853619814
0.06599540864442476
0.16742593810422401
0.8303646427455307
0.4975491293714553
0.1378879114163648
0.04530357138320357
0.05254517339757704
0.34031193338954746
0.7641895554584017
0.626596683746049
0.22692342270490207
0.916815761292761
0.3293544789618889
0.39828809866730097
0.33982188540905034
0.2991781598465047
0.42786177703107026
0.5373234246903174
0.07512014679000623
0.6360249388602737
0.3532534620064637
0.73190692970909
0.29563326087660635
0.4836125391146892
0.30697999947184
0.29124735514507083
0.7718535283477372
0.7116540837028297
0.04123057159187064
0.9704788029277592
0.3765174349339005
0.37548491821503066
0.9098112260063526
0.5577701917468132
0.6639005643682164
0.7185668585241402
0.5431701787799239
0.05888002230357832
0.08932682131027163
0.2811267457278804
0.3990043833920998
0.3455794301564392
0.11259854619555205
0.1547950824040119
0.2013733833510792
0.38550931589870935
0.7298548046330072
0.4921271057688028
0.32872155358791944
0.5742611532342712
0.15735359120404077
0.4451606540271477
0.7785058495618017
0.10106637092821392
0.6286959084237244
0.7570820264844044
0.6182517950185061
0.39334288271649825
0.5984632672543209
0.7621729762435366
0.86636775332866
-0.00000006238201472518872
-0.0000019459962170689013
-0.0000036645890612648025
-0.000002537297436524556
-0.000010628351894444752
-0.0000396694107797975
-0.00037484130582889985
-0.00005626638865324908
-0.00023265981551151967
-0.001036680251535925
-0.00023893301052693743
-0.0015377496296266283
-0.0019181423495625211
-0.00315316963461083
-0.005058527084805358
-0.005791948032868473
