0.25845596503878954
0.9243639594780803
0.6994677586245892
0.3179375334667316
0.52759974907069
0.39708907045504055
0.9854528882670599
0.5475744434235721
0.115070075409653
1.0018741437886818
0.613213403897627
0.05792489445028837
0.30378045066616277
0.5553992714324105
0.24794787781354077
0.0525990619632227
0.5919283176918888
0.5323016602304016
0.8157054442415648
0.3594145767251653
0.3486706860812662
0.3769556684881612
0.7313908324959423
0.40808977443286176
0.6433443199041314
0.33731254156558543
0.31860019277355256
0.42420524443958013
0.9063871982557541
0.8810206139792336
0.9358544612783981
0.2881923315935424
0.6916013852692462
0.5295871506721083
0.5423098527929914
0.6367080146995548
0.17558482979542267
1.0847869442112237
0.7043517713250889
0.6987832326569997
0.7591423941990743
0.9859428409125154
0.5793282625219093
0.23052477161122648
0.2867742685090509
1.1380268344504214
0.4057406203162904
0.1341573101938572
0.7248686651121743
0.8286288780956753
0.8300970832665313
0.37593990701332636
1.012569547796138
0.8672866818020741
0.8529299609071508
1.0276149456404666
0.37950716959746256
0.5243032759549945
0.3740625625366337
0.7834138901113251
1.2667854519204549
1.934650686894424
1.4432568409912183
1.434083618422643
1.420720723823738
2.0142025688414322
1.41455393902755
1.816644688985018
1.636930270663959
1.420852201941258
1.631437856882957
1.4635520766136259
1.9715265275799139
1.8948183103979346
1.7414946492698704
2.281940184558107
1.9449821905025475
1.512537111976538
1.524331827217035
1.3959347762634948
1.24733508785425
1.6154270464872884
1.8667456579280248
1.9528802880363616
0.00048493736941644574
0.000643471593317017
0.009571585105258195
0.004627851257350565
0.00044415694675911134
0.004142268951408372
0.11362327227709
0.16562641042347628
0.28151049893637736
0.2728579766262068
0.10736077937726653
0.0866667364940812
1.1070676859333821
1.3948618847722296
0.9912296658638021
1.431881184453825
