0.2585166566037462
0.9244161867421528
0.7001346462750799
0.3183895678370772
0.5276398039612405
0.39755595576010155
0.9854972942775835
0.5476346326655026
0.1163500888521987
1.002185806564642
0.6132528754541011
0.058580030033962
0.30388325358583823
0.5555118061568678
0.2497336922700222
0.05359595983566999
0.5919958266263505
0.5330291281297186
0.8157854594408358
0.359536440518252
0.3500880265881182
0.3777617669789292
0.7314519487615677
0.40883830999069115
0.6505962243188291
0.3458020482963988
0.33044270288037586
0.4341059323229463
0.9133104869420541
0.8867286963795762
0.9431038821891035
0.29667965519408035
0.7034436535059072
0.5394878490291667
0.5492326109204343
0.6424161590735681
0.18276365211369497
1.0931761278513585
0.7160724719072337
0.7085595386598088
0.7659921485873511
0.9915881727344388
0.5865138962584318
0.23892914004987675
0.2985374947865615
1.1478385511794982
0.4126207120212907
0.1398140225890425
0.7321238707020946
0.8371231870676118
0.8419446810354583
0.38584661970543843
1.019495338780136
0.8729983639070308
0.8601406771941636
1.0360565357369869
0.391266021094748
0.5341402623492695
0.38093314779705467
0.7890890873664334
1.3276372765270281
2.0067152352877025
1.5054916307215787
1.5055559271752803
1.4814838073897283
2.0861981059820667
1.4767336546281666
1.8880114986589769
1.6970714488085998
1.4920879204931914
1.6929784766989013
1.5341616795732356
2.0323259523138537
1.966799881495624
1.8036909757732342
2.3533001170358037
2.0059146463235784
1.5847008764904456
1.5866597409821859
1.4674881226328085
1.3084835447376186
1.6878631790923233
1.9292969754522582
2.0247076649819453
0.0005160972431956374
0.0006814194817665583
0.01001066221197825
0.0048561919594624844
0.0004691834090483257
0.004370287452615251
0.12088342955866513
0.17412706434521227
0.29336527382686317
0.28277183698977876
0.11429070308777006
0.09238252408643394
1.168992543680974
1.46820183123891
1.0545445511582907
1.504641113620839
