0.25857619270725724
0.9244687011457462
0.7007663503604128
0.31882274652006876
0.5276798373644855
0.39799974636560953
0.9855406357470942
0.5476944528153855
0.1175484649811502
1.0024847465434448
0.6132914990758622
0.05919449020139641
0.30398424403644814
0.5556225529626931
0.25141552652015625
0.05455339859973104
0.5920617459625831
0.533722728724103
0.815864887809453
0.3596612140617741
0.3514520692194711
0.37853830375360825
0.7315139766020904
0.40957070733135964
0.657542275321533
0.3538615137229402
0.34145571166905503
0.44337274908383684
0.9199376716236276
0.892231573102506
0.9500473818496347
0.3047367769138044
0.714456059986066
0.5487542966601178
0.5558591190819937
0.647918836310258
0.18963958285014154
1.101141255338591
0.7269727706935576
0.7177117376229436
0.7725494331832932
0.9970310289369235
0.5933958994188846
0.24690775704166357
0.3094751739283851
1.1570220121670078
0.4192053161414345
0.14526733868988997
0.7390732018230667
0.8451872694225059
0.8529625112706964
0.39511905885177967
1.026125031906469
0.8785046787257905
0.8670470786554337
1.0440703103868594
0.4022014839691708
0.5433474917137621
0.3875102024520242
0.7945600878304133
1.3861473486143885
2.076467787938096
1.5623427657928268
1.5775043006085008
1.5399217480097542
2.155896015048703
1.5335447285200439
1.9598712085612728
1.7549798168380453
1.561128471160367
1.7492686580282608
1.6053454858983887
2.090805727904165
2.0364952599341235
1.8605251818807036
2.4251659805336736
2.06449647046679
1.6545423375724266
1.6435903405089665
1.5395121947491204
1.3672575633723452
1.7579503348830796
1.9864171314741808
2.096986900292847
0.0005475539789720854
0.0007203778032112932
0.010429017938671514
0.005077489219413712
0.0004948710782214354
0.004590954879255952
0.12783787523834178
0.1821975539691317
0.30439031566901964
0.29205135600772597
0.12092471101256135
0.09789304624678037
1.2284832876390173
1.539132113777829
1.1123355739762366
1.5778196639845778
