0.2586347381943284
0.9245180254417265
0.7013538208814608
0.319240412791429
0.5277168247195869
0.3984191221019496
0.9855814231659467
0.5477500718648469
0.11867185064594828
1.0027658659680188
0.6133268995112278
0.059781029806860245
0.30408342853442066
0.5557279533962964
0.25299166712134896
0.05547237549956025
0.5921247250602125
0.5343806321560948
0.8159418245799386
0.3597775583247078
0.3527117961344985
0.3792749240813457
0.7315722333428574
0.4102542624165228
0.6640823976366242
0.3613386156139729
0.35166749641425965
0.45189983680596535
0.9262492019548972
0.8974490837903047
0.9565853904840623
0.3122120178485345
0.7246675534938956
0.5572813238236822
0.5621701803723425
0.6531363160426902
0.19611454724080368
1.108531774156431
0.7370818424910444
0.7261346796220345
0.7787957790591286
1.0021922138274584
0.5998751317626635
0.25430907935214697
0.31961601489304575
1.165471498315707
0.4254756953864292
0.15043724741207568
0.7456166260036725
0.8526688950992112
0.863179025409211
0.40365155899110344
1.0324391039343144
0.8837256032862016
0.8735501215015147
1.0515050094734546
0.4123433906362286
0.5518203742100483
0.39377559415595464
0.7997475726165384
1.4456535541875768
2.1397464500811236
1.6227435572969526
1.6397772255990044
1.5993665387142981
2.21913571490624
1.59391118514681
2.0220759686702428
1.8139407974663813
1.6238341316024452
1.8091391923126152
1.6670245935139898
2.150296482000689
2.099740111289752
1.9209212087370267
2.4873830926342073
2.1240706102046225
1.717896811674598
1.7040690091673942
1.6018452724878491
1.4270140263860394
1.8215123482671889
2.047083487810398
2.1595266234578507
0.0005778161130022524
0.0007567419950536649
0.010819185505911816
0.005288865869926526
0.0005186445616345752
0.00479832869465778
0.13438598510925095
0.18968506900991677
0.31461329720047576
0.3005903495218154
0.12724271692412203
0.10311791829273259
1.2889402655698692
1.6034302374127964
1.1736885452498698
1.6411139126196905
