0.25869104992489445
0.924568520736669
0.701917434585654
0.31963572882736657
0.5277548705442405
0.3988250496059481
0.9856226606756247
0.547807932974624
0.11975233214619307
1.0030375618934975
0.613364213149518
0.060366625057426175
0.30417913500983895
0.5558336328178725
0.25448413618442034
0.05634519882569229
0.5921881037077401
0.5350181479310034
0.8160191976314043
0.359897132102779
0.35393395273817607
0.37998794414074416
0.7316331978505122
0.41092997734172093
0.6703941884794734
0.36851258923936986
0.36127259508477433
0.45998322588155127
0.9323216490267661
0.9025167446005193
0.9628947596950125
0.31938361849932567
0.7342718211454636
0.5653639329703788
0.5682418343083151
0.6582035480675514
0.20236224643489042
1.1156218973120278
0.7465893981369169
0.7341192646717188
0.7848049601128811
1.007204711036599
0.6061281325640514
0.2614109944371421
0.3291539126528555
1.1734822223628956
0.431508001599795
0.15545918206622733
0.7519315036634158
0.8598469863324437
0.8727884619555335
0.41173978649561327
1.0385139500804181
0.8887964227291983
0.8798244519672979
1.0586360842780882
0.42188093542589894
0.5598502700675668
0.39980249288113096
0.8047847758667125
1.5023981708446161
2.2017930815153335
1.6783206285837573
1.7039337452849852
1.6560609488806906
2.281150912890026
1.6494639946860081
2.086172896625941
1.8702205709882562
1.6853757802771938
1.8642806277735526
1.7306340385578771
2.2070386471707875
2.161766605931382
1.9765053148076261
2.551501016513528
2.180876080120273
1.7800130461212673
1.7597134746308163
1.666060472789591
1.4839812307893334
1.8838189960136917
2.1028890312329005
2.2239395571725957
0.0006085567146161253
0.0007951786840778844
0.011199064869365158
0.0054933527115010716
0.0005441747253871724
0.005006697096976477
0.14070592716001745
0.19686939131051426
0.3242295811251848
0.30868531383321524
0.13332185924003215
0.10819295579875923
1.3465516707425547
1.6664351294283963
1.2301028889057628
1.7062744436826056
