0.25874673538347787
0.9246147894694535
0.7024507819532856
0.32000935554619536
0.5277911528520924
0.3992141452810216
0.9856626525698446
0.5478613835266076
0.12078606733182123
1.0032945594035338
0.6133995580350182
0.0609321559715081
0.304271006221075
0.5559314661598859
0.25590398881511967
0.05715967047880605
0.5922478495072585
0.5356302764687584
0.8160906907428943
0.360003870718981
0.35505520068957913
0.38064840127046096
0.7316878664103204
0.4115479886278077
0.6764609314317667
0.3753380203373719
0.3703456320051339
0.4676068380967398
0.9381811687053742
0.9074134558011455
0.9689596445228552
0.32620745956743763
0.7433445968620632
0.5729875515221632
0.574100919834949
0.663100259191479
0.20836994102975265
1.1223704060665443
0.7555722548278643
0.7416519246066954
0.790604651843448
1.0120497114879743
0.6121416802663805
0.26817097670125944
0.3381660179280921
1.181039251162809
0.43733041106790527
0.16031335136434816
0.7580011591615657
0.8666764042322277
0.8818656649066965
0.41936820187669266
1.0443758270350227
0.893696262070628
0.8858564213680327
1.0654220482866938
0.43089156226696995
0.5674247343814066
0.4056190710914217
0.8096528169973181
1.5586721534219228
2.261373464616143
1.734784011371236
1.763549174573131
1.7122913272519598
2.3407087822323533
1.7059077377326186
2.1457399508290464
1.926077373994908
1.7445228612206383
1.9203454177605466
1.789790468065093
2.2633186404410166
2.2213409189390836
2.0329846243888734
2.6110905278227836
2.237206801495499
1.8396563371055183
1.8162411963970064
1.7257267601008723
1.5404622057849884
1.9436324360517203
2.159569562071299
2.2837783884677605
0.0006375521284770142
0.0008295179493255827
0.011555030139922144
0.005683466339264734
0.0005673730322136726
0.005202231203887215
0.14678008848765053
0.20370437416460171
0.3333128890280058
0.31631980078383837
0.13918763152417535
0.11309665362702447
1.4036512690411418
1.7268922242610907
1.2873808777548286
1.7667864093184156
