0.2587997403388907
0.924659979987205
0.7029589113266674
0.3203703991399455
0.5278251829077327
0.3995903269151444
0.9856998079748517
0.5479137072494165
0.12177518069028148
1.0035393327835942
0.6134325377053459
0.06147830505734013
0.3043572585588216
0.5560263631816741
0.25725075812695525
0.0579387898305883
0.592303190546461
0.5362179468477613
0.8161609301024539
0.3601121491358478
0.3561571340771923
0.3812900995499483
0.7317418742670778
0.4121682467321522
0.6823303247415038
0.3818818181709922
0.3788655872935662
0.47479373573503053
0.9437787392906049
0.9121492696548682
0.9748269318083284
0.3327492381872797
0.7518638139484022
0.5801738086187623
0.5796977702790217
0.6678356920029286
0.21418153925027922
1.1288404191329449
0.7640075268494256
0.7487536737028879
0.7961451401838836
1.0167355965573979
0.6179591225621682
0.2746521757408624
0.3466279537493671
1.1881637676679178
0.4428918810731279
0.16500816700317333
0.763873329288331
0.8732238269376184
0.8903893879752065
0.42655928524643505
1.049975575502732
0.898434916136021
0.8916912601620594
1.0719270257231273
0.43935301569602825
0.5745649535979006
0.4111758375233576
0.8143605017589941
1.608505326898074
2.324580477184408
1.7892342403689572
1.8205743183524796
1.762090728512249
2.4038954853607577
1.7603436570450526
2.202725060615979
1.9755763662350814
1.8073123756290066
1.9744479109928081
1.8464179272693997
2.3131644856403892
2.2845500353171118
2.0874563100916266
2.668101116446051
2.287086939396973
1.9029260086353965
1.8707496473539662
1.782797387832273
1.5904664852860662
2.0070713617793166
2.2142164733115077
2.3410033576577285
0.0006646020538792645
0.0008631732016281269
0.011895824518116127
0.005865906932336807
0.0005890684840393091
0.005392195402350057
0.15265656450912293
0.2102569319496699
0.3418422312703751
0.3235163032254739
0.14479104521931732
0.11783886951616115
1.4541845887772211
1.7909942201090496
1.3425852523701598
1.824632216703679
