0.2588480163498381
0.9247019142974455
0.7034270619856683
0.3207034668197581
0.5278562777608116
0.39993449538644193
0.9857351525918759
0.5479627518924752
0.1226843742830405
1.0037696938921974
0.6134637708088664
0.0619785347375801
0.3044404037720596
0.5561168399497822
0.25850842912191735
0.058674709419250064
0.5923564260716819
0.5367670565067221
0.8162256429445133
0.3602137496434165
0.35718186630401894
0.38189585605437404
0.731790992089685
0.4127387197539358
0.687869844075347
0.38804950933882615
0.38685606748710905
0.481576065921254
0.9491354652352813
0.9166670027425928
0.9803645165399314
0.3389151425013311
0.7598536808666031
0.5869556951370107
0.585053886504433
0.6723531093002032
0.21966793202725068
1.134940372569679
0.7719212069658224
0.7554581639865116
0.8014492869802232
1.0212068218515997
0.623450484411184
0.2807619802807048
0.35456487652600155
1.1948883686450857
0.44821461093812565
0.16948745786141559
0.7694154148296461
0.879394907629379
0.8983834001323957
0.433345601212462
1.0553343982546226
0.9029553483081932
0.8971995400663854
1.0780594596275515
0.44729133442039964
0.5813050432855317
0.41649556302677704
0.8188524147917521
1.6617858247438666
2.3797960632076305
1.8378173240809441
1.8796066200656938
1.8153420040509074
2.4590980466855172
1.8089181888738042
2.2617220804022216
2.028532893876031
1.8621958367569975
2.0227495227992502
1.9050764512513503
2.3664637536050876
2.3397734940511588
2.136064070825314
2.727127716868276
2.340414688355082
1.9581932898271335
1.9193818743091302
1.8418745140620854
1.6439195168936107
2.062478172442123
2.262964708387203
2.400230299867252
0.0006903428501946626
0.0008948179432069798
0.012211727144057874
0.00603746838143314
0.000609582364114011
0.005566870751221216
0.1582026446588665
0.21643287118806254
0.3498414243648513
0.33030778749030326
0.15015330342507346
0.1223627099424965
1.5081832231170484
1.8469614712013216
1.3918132836808361
1.8844808137033504
