0.2588994360767267
0.9247452653525211
0.7038918803500771
0.3210419475987884
0.5278893757577933
0.40028480499655145
0.9857721480219239
0.54801265335888
0.1235671280672871
1.0039998139402473
0.6134963058347744
0.06247753594002498
0.3045269974683817
0.5562080542996017
0.25973846916731536
0.059413036518039905
0.5924117369548945
0.5373130442471554
0.8162932640157566
0.36031574749962264
0.35817317173671426
0.3824935328558257
0.7318426847599877
0.41330227847663326
0.6932304675540625
0.3939735458156848
0.3944914889677636
0.4880539151896852
0.9543332966032916
0.9210674301808885
0.985723416552009
0.3448376338367474
0.767488551953305
0.5934332256892656
0.5902511189587795
0.6767533306670138
0.22497649410452353
1.1407989807194747
0.7794818071815947
0.7618610785639658
0.8065949683037951
1.025561625431731
0.6287630339562721
0.2866287788315204
0.3621470495832206
1.20130933332612
0.4533780257427751
0.17384928288673943
0.7747787774201238
0.8853225010140156
0.9060224275062292
0.43982751966773836
1.0605344072496157
0.907358592765335
0.9025290380568644
1.0839489496629977
0.45487469178192114
0.587741307165587
0.4216557679653135
0.8232270154518877
1.714163940338613
2.43239319150217
1.8879737248156816
1.9359822576950156
1.8676944785233132
2.511686626252284
1.8590677996699545
2.3180688876364672
2.080619922769247
1.9145036512728293
2.072640411502976
1.9611248960989611
2.418865161786187
2.3923828153950897
2.1862494817839417
2.78350341244102
2.39283697482988
2.0108370887735876
1.9695862589551163
1.898290312201315
1.6964572425854392
2.1152477701898036
2.3132817211046945
2.456781500123977
0.0007177027008760482
0.000927654858329572
0.012523939869349188
0.006210696880741652
0.0006314812986942566
0.005743581633911401
0.163570271681318
0.22236557830207007
0.357485922356611
0.33679510213465497
0.15535701238631733
0.12676957578966086
1.5612418747720345
1.9002488362312329
1.4426115799005126
1.9416077169700396
