0.258948178840159
0.9247870939999462
0.7043380406029887
0.3213637543686119
0.5279209725445964
0.4006227268339856
0.9858078275096099
0.5480622941992593
0.12443914523579774
1.0042212082393267
0.613528500195836
0.0629814163522667
0.3046086661245724
0.5562972548233059
0.26092030735074734
0.06011396425230573
0.5924649222422498
0.5378459350659189
0.8163589491725229
0.3604136689087365
0.3591335722235313
0.3830692324063888
0.7318930879117318
0.41385183720156415
0.6984781610966174
0.39975474939265576
0.401776395771365
0.49429362412860495
0.9593594775094307
0.9253781988529495
0.9909692747239993
0.35061714639441777
0.7747727080949346
0.5996723963865992
0.5952765676316293
0.6810637434720215
0.23017342938978955
1.1465166986982838
0.7866947648649532
0.7680286250627915
0.8115702682333027
1.0298277030164165
0.6339652181275288
0.29235594181634095
0.3693818948608345
1.2074954346361608
0.45837134992359324
0.17812316254771565
0.7800289522381684
0.8911069302615815
0.9133105938793942
0.446070922403873
1.0655625746425776
0.9116719648879484
0.9077458090902597
1.0896956494787187
0.462109256558627
0.5939401258306901
0.42664513348445976
0.8275119227240122
1.761323021464638
2.4889374592131954
1.9324890120643998
1.9951261116550456
1.9148324490806654
2.5682243398417164
1.9035800886958254
2.377187134802671
2.1275380163020836
1.9707631148214921
2.1169405052213732
2.0199549075488017
2.4660486245623963
2.4489459076963924
2.2307942926088375
2.8426541926977555
2.440033565527336
2.0674286990171464
2.014142330924785
1.9574745562303748
1.7437514718167055
2.171966484656324
2.3579320006591136
2.5160992698672144
0.0007437770637176102
0.0009596347286348718
0.012827572449036758
0.006376087441961895
0.0006527328770474281
0.005917786881021419
0.16882455800703275
0.22815488895003466
0.36477935442797
0.3430436415843104
0.16038880165941485
0.131086450865724
1.6089922459316153
1.9575064838654361
1.4876753181155544
2.0015099387553335
