0.3396725622446971
0.7658473712887851
0.0845288758920656
0.08755976573111768
0.08447520007205214
0.4052012898567447
0.8693651700512157
0.9465114354254082
0.6332684429187636
0.8623091358501954
0.5558976457196669
0.9424796068163427
0.17580655422153507
0.9214066128981172
0.13622387101271274
0.4750196136132569
0.09217261215697775
0.6891423639293862
0.26292867394355796
0.6140585675785042
0.529702923936658
0.5272400465857092
0.8002463617460208
0.8931469662938268
0.5847395404603967
0.6517191863056823
0.8211421845896866
0.6775052529412733
0.8942300606264472
0.39651188422702616
0.45820869806916176
0.9089222908233716
0.4024379654946863
0.462423447017757
0.7569751046983889
0.2193657973094722
0.7172374585843798
0.26836547598728855
0.22348011020932318
0.49876769467690857
0.36277301838094744
0.9785482097807308
1.2487027197393752
0.6540226687004757
0.689280337685428
0.9752555787990107
0.5071239223118166
1.0186522415860648
0.5931608603831843
1.1566503779006925
1.1662084493374807
1.1678539902139018
0.3665638098897406
1.0675162667799232
0.5296130688162384
0.7326049745340409
0.9127997944584199
0.2823697948283915
1.043879958782797
0.7947789189690224
2.2782506892391687
2.2615450144721274
2.1904461320016644
2.7701641664187884
2.263787385819418
2.0815933976744896
2.6779886558906942
2.5911345568260056
2.0900654937974923
2.6176161935031828
1.8678519940379057
2.152670663239898
1.9189193166927525
2.5449527061650254
2.145774231894271
2.297177526345073
2.297575255144732
2.371652184647786
1.8214722703300241
2.135277230686394
2.011259134332523
2.6690403001657863
1.9624106657624802
2.1433678690503744
0.009283344716574401
0.00011367704836274236
0.00690341254047169
0.002984130442990092
0.008840149672289766
0.00022100529310034326
0.30432094963824785
0.21512222834261094
0.20898837186945554
0.2804647737217153
0.30803973475821206
0.14850750479222904
1.758172143602557
1.7867291763673177
1.8340787097980105
2.1664163894990005
