0.3403626949407989
0.7658553923675556
0.08534732574183342
0.08790420833437751
0.08539842127611069
0.40521925033626965
0.8698402085656238
0.9465185709525561
0.6337757139077054
0.8624812401520938
0.5565833135937546
0.9424941245632686
0.1771032346338629
0.92141822792607
0.13740088644522122
0.4753586461054705
0.09359521718455004
0.6891671472301371
0.2642203187276391
0.614072607872558
0.5306516849027776
0.5276356852453784
0.8011298482591009
0.8931720273621634
0.5936814247392477
0.6594823357609788
0.8294709742982528
0.6866771686593309
0.903980593678433
0.4034690106840748
0.46723829475071643
0.9167535504808948
0.41085239499841986
0.4716903857814441
0.766818173318795
0.22639572403921385
0.726156904619622
0.2761057532252061
0.2317962718738041
0.5079237687480433
0.37250450093876114
0.985495021741865
1.2577092375686818
0.6618334146002073
0.6976718071468234
0.9844961324491586
0.5169421891925334
1.0256621342165302
0.6021138429822587
1.1644183303447149
1.1745631733148518
1.1770532197895276
0.37633435672368437
1.0744967856944492
0.5386416545730612
0.7404353286447373
0.9212135332817883
0.2916358691383228
1.0537221915898438
0.8018082512056197
2.3541247143997204
2.3458631538575823
2.2628641066169273
2.8579877586644757
2.3397760069740747
2.16605431060835
2.750524007281059
2.6790985111566177
2.165924510953828
2.7019266712652716
1.9402630666331409
2.2404746349172675
1.9947074599840906
2.629182508537599
2.2181158459885673
2.3848925541171546
2.373269951640787
2.4557614700632358
1.8937199003767675
2.222889962072904
2.0872711804027295
2.7535251571648187
2.0349654923273697
2.23135220905522
0.009620739664321202
0.0001194328968869615
0.007200561336803392
0.003107823404607328
0.009185652903062516
0.00023212333727816702
0.3133523709449783
0.2229549374910617
0.21740469819788957
0.289733816356193
0.31788479200200975
0.15553909126414647
1.8349176446449886
1.8720426265659582
1.9073358301820253
2.2552917007612248
