0.7002969081500413
0.8804865934710834
0.04817535644419008
0.7460779259693996
0.00767626629614481
0.14931546314016877
0.39879480931723366
0.5731289318832297
0.7854479179408659
0.13531720403685552
0.6158767772011728
0.8280978231558361
0.7594930754432502
0.05995455248797853
0.0342224469073423
0.9447664155349271
0.2822379140318517
0.19543801256072182
0.7962377984057447
0.7610684447151392
0.9191879933920551
0.20175059713645066
0.4191457400305517
0.06595198856414088
0.16733999753461373
0.8303517789109157
0.4974954968201893
0.1376482079538046
0.04524849390647103
0.05218887999235877
0.3402261075258699
0.764176711008597
0.6265431340338887
0.22668404099587958
0.9167607683458033
0.3289986815643001
0.39820249087038406
0.33980907561492085
0.2991247616263754
0.4276229950312029
0.537268587440814
0.07476527861021268
0.6359391636770203
0.3532406221730755
0.7318533842065956
0.29539401397251025
0.4835575602640388
0.3066243453632455
0.2911622099584355
0.7718407904137311
0.7116009487904474
0.04099311261929071
0.9704242475512858
0.3761644193702926
0.37540077991768106
0.9097986550374974
0.5577176936376478
0.6636660219851617
0.7185129620471441
0.5428213493354217
0.05847533193120358
0.0886698862003782
0.2800731698374336
0.3978011997437045
0.34513816758603083
0.11188244955541723
0.1536463044982677
0.2000617132243038
0.3850739681416742
0.7291482734423061
0.4909937349574308
0.32742744068780477
0.5738766759783593
0.15672918694197352
0.4441595350676499
0.7773623439347865
0.10062800725480774
0.6279844842748209
0.7559407974608969
0.6169486924668915
0.39296477836979504
0.5978491702882486
0.7611884262583519
0.865243228858215
-0.0000000765260037337334
-0.0000023948457187931963
-0.000004511609260894236
-0.000003124214881910936
-0.000013095085827938356
-0.00004888539981953076
-0.00046079474822061816
-0.00006913176476579468
-0.0002862983450982442
-0.0012764171637106938
-0.0002940178034139255
-0.0018940923079096186
-0.0023680471635155738
-0.0038831288124020263
-0.006229750685534045
-0.007129098410545955
