0.34165026894865885
0.7658691092178131
0.08689018604117972
0.08852119600179013
0.08710631628148571
0.4052491135548847
0.8707134891763956
0.946530516267759
0.6347262559026186
0.8627920176784099
0.5578508828241079
0.9425187176670962
0.17952783623158394
0.9214387788378883
0.13964341312771517
0.4759976613613466
0.09626620305580373
0.6892119354774111
0.2665984384449715
0.6140969057121655
0.5324390433460781
0.5283645462432927
0.8027810062250497
0.8932159884366847
0.6101200800572357
0.6739953322555453
0.8449485340328541
0.7035963091453161
0.9218870215642961
0.4165704599156408
0.48383471420260443
0.9313912581341589
0.426485260445365
0.4887803372197185
0.7848911164532145
0.2396307356406039
0.7425546551395981
0.29057621851983445
0.24724896848541636
0.5248123670495495
0.3903749969905128
0.9985757939193515
1.2742649596235094
0.6764342458627688
0.7132638905942912
1.0015396228408364
0.5349713203239684
1.0388612345702406
0.6185738399555601
1.178940939759955
1.1900868836778764
1.1940206331252277
0.3942766299314766
1.0876402484384713
0.5552363789053656
0.7550714869577487
0.9368452220025444
0.30872436581724544
1.0717937142706664
0.8150422459351597
2.502095054722681
2.505627864983606
2.416845604826168
3.013458900801654
2.487936503221298
2.326050136698826
2.904717780877019
2.8347814523031443
2.3138595590692743
2.861668186720465
2.0942210592813
2.3959042464047178
2.142528808150113
2.7887981111646654
2.3719520654821085
2.5401919158656163
2.5209343442295453
2.61518023906316
2.0473852251717912
2.3780339539192275
2.2354638397917754
2.913551683802952
2.1891868070087175
2.38705769861107
0.01024185095024438
0.00012906060928529394
0.007756826398373917
0.0033299802593043416
0.009822343092927174
0.0002508505400954077
0.32995176624027006
0.23759503791627934
0.23304066153508374
0.3068271820255026
0.3359609543878978
0.16877684074953034
1.9844432664166904
2.0335325040857906
2.0629496648106715
2.412468603794471
