0.3422387621340049
0.7658752443800168
0.08760723953618622
0.08880803820294576
0.08789965425167091
0.40526262142505026
0.8711156677664826
0.9465359111166681
0.635166355875399
0.8629354371152246
0.5584323582317966
0.9425299395306631
0.1806471691195117
0.9214486037255926
0.1406884823246727
0.4762964798108557
0.09750912889804955
0.689233571140204
0.2676986259140006
0.6141081808900949
0.53326407970676
0.5287005460727847
0.8035335582724206
0.8932361534129625
0.6177592777077203
0.6807469118047107
0.8522012286409403
0.7114529579027707
0.9301712188961584
0.4227745390485807
0.4915453467077689
0.9381998943658628
0.43380876999782514
0.4967141964672066
0.7932506027579148
0.24589636277141988
0.750175562898444
0.2973088854442965
0.2544902137610541
0.532655182336965
0.3986431037249663
1.0047702200537034
1.2819570831467455
0.6832260611301081
0.7205686788359505
1.0094523950920973
0.543310882246261
1.045110218871429
0.6262227166914691
1.1856972146416154
1.1973600147501127
1.2018985017048027
0.4025768336096097
1.0938630739760353
0.5629462453304059
0.761879417651166
0.9441681736123874
0.31665754846078553
1.0801525441583493
0.8213073843780094
2.569476161433089
2.58631456820152
2.4822364109552124
3.0963782470647776
2.555391531884809
2.4068367913485087
2.970186159032277
2.9177973672131943
2.381222817790805
2.9423400075062736
2.159600004928563
2.478799860602095
2.209849317610662
2.8694173666169305
2.437288151122952
2.6230303460274156
2.5881930422783066
2.6957136031144184
2.1126582984867284
2.4607998940656017
2.3029287039433517
2.9943482142614055
2.254662331066543
2.4700805971096216
0.010528740612675728
0.00013345113915371224
0.00801537047570593
0.0034327884258379213
0.010117159832763319
0.0002594727153576091
0.3376637152903136
0.2444047413455337
0.24036556539636625
0.3147625623938784
0.3443218732489328
0.17504371185260792
2.052474806313537
2.1150190447132475
2.1289769908252647
2.4962208372647137
