0.3428015175215159
0.7658819952915666
0.08829616277915353
0.08909428227418006
0.0886493414009055
0.4052772317143851
0.8714953724202054
0.9465416938547164
0.6355810985376522
0.8630763072636076
0.5589701455444038
0.9425415341128774
0.18169414464259465
0.9214586288349189
0.14166306310811305
0.47658147642216214
0.09864866339806601
0.6892549892580861
0.26873806383757703
0.6141199729107524
0.5340531392761042
0.5290300675308512
0.8042477144763416
0.8932572738742041
0.6248921603288164
0.6871291144879356
0.859011267843513
0.7188077075483473
0.9379078148275104
0.4286436064465998
0.4987451596981249
0.9446362066564075
0.44068541757819246
0.5041413675393328
0.8010576523702008
0.25182378125745775
0.7572914222785881
0.30367325072981227
0.26128940186816796
0.53999681530645
0.4063646946276898
1.0106300153613874
1.2891386950754635
0.6896456873088617
0.727426868047444
1.0168588281350073
0.5510984097479926
1.051021082467296
0.6333654171871023
1.1920845221070329
1.2041897859237463
1.2092736377549373
0.4103291457067996
1.0997502921174518
0.5701452720452211
0.7683150050806312
0.9510442424896812
0.32408401928185515
1.0879589243067762
0.8272342886765461
2.6359548939682655
2.6621260573687455
2.552809236393816
3.1686635600794113
2.6219364452811647
2.4827342714424843
3.040835260194869
2.9901591999893253
2.447683352381711
3.0181366951603024
2.2301588052269916
2.5510634003887263
2.276272470908835
2.945169998913713
2.5078056100177815
2.695249168945077
2.6545600668417353
2.7713918682720857
2.183113552681048
2.532961600569673
2.3694810393754695
3.070252183175453
2.325316662686142
2.542445760637888
0.010801605801368203
0.00013830662171200923
0.008262299938921415
0.003535378205392715
0.010394739730261952
0.00026878732373184926
0.344864977921285
0.25084224148897
0.24724372468942826
0.32219138433109357
0.35213047369487727
0.18097249148846067
2.1195624228751386
2.191544813565044
2.2002032239502562
2.569197489025092
