0.7002968625566078
0.8804857424386804
0.048171543632864626
0.7460764113976793
0.0076627859927569765
0.1492773201559711
0.39879472731127374
0.5731276260105007
0.785445469510066
0.13531450686196123
0.6158693082755012
0.8280774392019227
0.7594930136343797
0.05995123942229125
0.03421677885533197
0.9447649594378393
0.2822265816184598
0.19539328165662007
0.7962377384672158
0.7610671182014258
0.9191855949446103
0.20174724247103057
0.4191343494168414
0.06589436526360946
0.16722539591113708
0.8303346747081066
0.49742389426746686
0.13732758082243315
0.04517490280727824
0.05171182171597188
0.34011165992958875
0.7641596326688853
0.6264716426120035
0.2263638475226583
0.9166872904790092
0.32852229209305334
0.3980883428411337
0.33979204446617456
0.2990534782779787
0.4273036261591599
0.5371953236570339
0.07429017021837139
0.6358247791790544
0.35322354933004496
0.7317818962569722
0.29507398677266833
0.48348409927177644
0.3061481296507078
0.2910486758443485
0.771823854302561
0.7115300165218285
0.040675502596551075
0.9703513597335411
0.3756917819865459
0.37528857558854917
0.9097819390015454
0.5576476047394723
0.6633522755825509
0.7184409470791877
0.5423542659191505
0.057933961941118536
0.08779181384240835
0.27866361178706145
0.396190170226176
0.3445478374534338
0.11092522492590554
0.15210927366986499
0.19830530275130456
0.3844915572871927
0.7282038487540582
0.48947733688332923
0.32569456148412035
0.5733624504061574
0.15589477853823439
0.44282043795326614
0.7758315426981369
0.10004156024819244
0.62703351767549
0.7544138819142763
0.6152037729621309
0.3924591655698156
0.5970286827582628
0.7598717278204205
0.8637381035430984
-0.00000009543194666251657
-0.000002998564288781486
-0.000005665958201031597
-0.00000389640283184442
-0.000016415056302287296
-0.00006117943457501258
-0.000575413313573052
-0.00008623803192142554
-0.00035790913327016856
-0.0015970886757790828
-0.0003676187147290355
-0.0023712166737530458
-0.0029699376473463373
-0.004858892944831132
-0.007796815944289631
-0.008919632008379188
