0.3438191585247393
0.765893576887817
0.08953865369955975
0.08959935694309272
0.08997709833949921
0.4053013729424616
0.8721911503321201
0.9465519900308329
0.6363436230072155
0.8633281243552493
0.5599512241317735
0.9425617486357093
0.18362355569953734
0.9214759570464717
0.14346402794678492
0.47709144774714357
0.10073407914407224
0.6892911573426606
0.27065524037321376
0.6141412296028866
0.5355082018943467
0.5296303268005222
0.8055460249140545
0.8932944164535365
0.6380337280199772
0.6989551534423945
0.8716100118184392
0.7323321587572997
0.9521169392332142
0.43958927588896496
0.5120064685126005
0.9565598988294043
0.4534039537988889
0.5177952294306994
0.8153928339849482
0.26287512630060694
0.7704041204045795
0.31546874820683085
0.2738699711846343
0.5534993953184244
0.4205485390451425
1.0215601264925085
1.302368439348138
0.7015403078959758
0.7401131690653909
1.0304767676920448
0.565399667152434
1.0620433581490933
0.6465266834162714
1.2039217537321274
1.2168255680975153
1.2228363156572346
0.4245682690342476
1.1107302343557146
0.5834053711435359
0.7802375663563715
0.9637619065157652
0.33773682757190754
1.1022930830484245
0.8382848605712485
2.7637733662699935
2.804132412877055
2.684282915233372
3.3100163873386172
2.7498664798175443
2.624882567765546
3.1724334210499308
3.131643484569964
2.575465924621769
3.160113289763494
2.3616044586142504
2.6923731310777836
2.4039940106996784
3.0870764569146445
2.6391859692311725
2.836484414096094
2.782185482855645
2.91317404111476
2.314391042605679
2.674097176936123
2.4974200540700493
3.2124068260355334
2.4569193825812903
2.6839314110176327
0.011298482073716093
0.00014662854338002912
0.008710724563529615
0.003716021440875362
0.010890612346534776
0.0002842669892038703
0.35812869606391184
0.26276792671976895
0.25996482418938366
0.33584801600724157
0.36646827172019225
0.1920261573582392
2.248471169138949
2.3347968005958144
2.332808099807996
2.7118081440802206
