0.3282705034346968
0.7657412792518572
0.07206947158465182
0.08243515705102578
0.06916550705728948
0.4049651007542599
0.8616522317817644
0.9464183694933883
0.6256741475607991
0.859740972968281
0.5448498986061862
0.9422848381596542
0.15421339700921927
0.9212495581436693
0.11807503671563563
0.46975660493837507
0.06854589353346026
0.6887937306490866
0.24161560618153097
0.6138714314277989
0.5152344704949517
0.5211963335196568
0.7855867120922942
0.8927980403775095
0.4290422244139671
0.52787435917815
0.6898092990922771
0.5201149037644671
0.7228785546929107
0.2965262604914257
0.30082468296893383
0.7839367816897994
0.26957293903269625
0.30318324114431106
0.5838371759255179
0.11819348495067741
0.5619615345863175
0.1449470806455802
0.09230764888671354
0.341619201267825
0.1917519971852907
0.8786796176041746
1.0917086901464592
0.5293610872855948
0.5567820781706181
0.8164785267745305
0.33441301670536994
0.917774566005726
0.43730098056182276
1.0328012013488785
1.034355733696311
1.0098748103493762
0.19482614538012835
0.9670992499583744
0.37224593867734534
0.6076336622314261
0.7799441335296988
0.12314293721831791
0.8707550223007094
0.693613969066652
1.2538059062219615
1.113045269766403
1.1376444051514394
1.6000548911010442
1.2346625746949877
0.9274949587958038
1.6201386755584222
1.415447650256802
1.064432209229561
1.4675650899024617
0.813620403183084
0.9812133275692879
0.8968417798924111
1.3989032370097967
1.0952656334771222
1.13000605386437
1.2790645847549034
1.2300259729339467
0.7747847257437156
0.972056237052852
0.9804265351602491
1.5131009020460744
0.902870029165163
0.9658333959655547
0.0037965805963411144
0.00003897663079633097
0.002440721230610154
0.0011391975285051197
0.003248658232466652
0.00007213288574577338
0.14690876127183763
0.09011683810733549
0.07609492491361558
0.12119065099030368
0.13487001919085978
0.047312360071770046
0.7125254363032373
0.6139615559686439
0.7592095410825225
0.9711282367105025
