0.7002968393827653
0.8804853190036082
0.04816966760530634
0.7460756555455819
0.007655975484545285
0.14925796036505756
0.39879468710767146
0.57312697465434
0.7854442563814165
0.13531317151260447
0.615865564677801
0.8280671914275871
0.7594929818579251
0.0599495953425241
0.034214033813374053
0.9447642272621183
0.2822209444425784
0.19537093423085017
0.7962377088506026
0.7610664617974761
0.9191844111876163
0.20174555707439604
0.4191286100286334
0.06586516044320709
0.1671680759571175
0.8303261338267502
0.4973879418434305
0.1371667722318243
0.04513797729501187
0.05147208542822721
0.3400544167713723
0.7641511047459576
0.6264357462078156
0.22620325581792156
0.9166504219452192
0.32828289147158696
0.39803124630029085
0.33978353956462104
0.29901768471496676
0.42714343720594317
0.5371585610303663
0.07405140046022118
0.6357675668602553
0.3532150240755379
0.7317459999874334
0.29491347858435296
0.4834472376214186
0.3059088112020653
0.2909918921860403
0.77181539779605
0.7114944015742659
0.04051621386392973
0.9703147885409782
0.37545427466284936
0.3752324617273891
0.9097735932334094
0.5576124149677788
0.663194940495213
0.7184048157632019
0.5421195667333386
0.0576625776221569
0.08734626389658749
0.2779586146746585
0.39538131349949973
0.34425189086904956
0.11043948611521875
0.15134047857055932
0.1974233999503909
0.3841995842775048
0.7277246094935559
0.48871886879896864
0.32482448353899357
0.5731047226691497
0.15547146152842564
0.44215080748427144
0.7750631118332222
0.09974756288729682
0.6265509582311061
0.7536501521022088
0.6143276474521902
0.3922057952161976
0.5966124926904252
0.759213399628271
0.8629826825798759
-0.00000010516409334945111
-0.0000033014957270729112
-0.0000062361156912587454
-0.000004280562670676348
-0.000018084360831729576
-0.00006737886461597418
-0.0006327419920215499
-0.00009478000508612894
-0.0003938657730909404
-0.0017579203686454005
-0.0004045492814498415
-0.002610986845567013
-0.0032716818139147097
-0.005354040176605838
-0.008580635030249119
-0.009818674083978273
