0.7002968263246364
0.880485089671545
0.04816873330024076
0.7460752701383682
0.0076526325945663635
0.14924838130931797
0.39879466485850157
0.5731266295550149
0.7854436355042603
0.13531246848216785
0.6158636874303625
0.8280620442507036
0.7594929635372438
0.05994871605166755
0.03421258992357097
0.9447638456094497
0.28221807548235406
0.1953595964955876
0.7962376924640269
0.7610661138983343
0.9191837961870373
0.20174472059563325
0.4191257556213741
0.06585074964978976
0.16713938920381136
0.8303218662626276
0.49736994518978916
0.13708621268152155
0.045119479306462776
0.05135192406839711
0.340025771735709
0.764146844292195
0.6264177798103463
0.22612281486839225
0.9166319548390334
0.3281629119747474
0.3980026764185217
0.33977929104904186
0.298999770764554
0.42706320437696565
0.5371401480573963
0.07393174401651255
0.635738934868636
0.35321076440582205
0.731728032550154
0.2948330709303796
0.48342877265976975
0.3057888641289528
0.290963476287285
0.7718111729121995
0.7114765750234439
0.04043642308842696
0.9702964697469185
0.3753352388536914
0.37520437829017844
0.9097694233541482
0.5575947997673468
0.663116121962379
0.7183867154247311
0.5420019275222977
0.05752692695242267
0.08712334052655159
0.2776050303326684
0.3949759509454758
0.3441039548362243
0.11019644551684528
0.15095487906929997
0.1969814117881769
0.3840536358670308
0.7274848228183945
0.48833845272668747
0.3243884250253635
0.5729759122684493
0.15525968068318557
0.4418149894925387
0.7746780461906404
0.09960060297935276
0.6263095095602456
0.7532670969538323
0.6138885579559347
0.3920791711828387
0.5964042928043444
0.7588832756937932
0.8626041646803018
-0.00000011119455729715487
-0.0000034675951215876834
-0.000006536193793381141
-0.000004479811344732416
-0.000018928681053727214
-0.00007048721369790893
-0.0006614340896308192
-0.00009904827313683591
-0.0004118651494865471
-0.0018384940871120122
-0.00042305052373207405
-0.002731169030788227
-0.0034225181972546252
-0.0056017886481873926
-0.00897377341279129
-0.010269255430270059
