0.3452019259822589
0.7659103115464819
0.09126019218610641
0.09029219070478439
0.09181231031575761
0.40533600482384635
0.8731418934193169
0.9465671613309162
0.6374143350443329
0.8636853698763037
0.5613296709772312
0.9425919962579081
0.18622562933214476
0.9215010780691983
0.14594034168991746
0.4778049399827507
0.1035857589430641
0.6893439903413379
0.2732280029171624
0.614171090604854
0.5374975523467034
0.530452016580608
0.8073147324467526
0.8933468985665837
0.6558113243450371
0.715094666901697
0.8887745556475751
0.7506031140542362
0.9712655831536671
0.4546825063398538
0.5299430935720084
0.9728310384024295
0.47072790730461556
0.5362370609763567
0.8347081121252264
0.2781106415430135
0.7881406443310375
0.3315651122175423
0.2910071878245902
0.5717383119274243
0.4396605417632264
1.0366296493720861
1.320261764208461
0.7177713058073789
0.7573930670218981
1.0488699774901633
0.5846687852791084
1.0772387713737492
0.6643275498025658
1.2200740698977883
1.234035829753687
1.2411540812724904
0.44375302361848384
1.1258663944558684
0.6013402097349637
0.7965070393894703
0.981084536190728
0.356177092075385
1.1216068342004533
0.8535191900091442
2.948702879354417
3.0039747894061417
2.8672324217358702
3.5141568450973826
2.934928049548967
2.824889725349134
3.3555259762181584
3.3359392410824222
2.760343015672461
3.3599117615821106
2.5445132785462907
2.8964512815524555
2.588802146579567
3.2867983399813605
2.822023392430562
3.040478408880698
2.9668787078121426
3.1127483222037187
2.4971088470345957
2.8779726131641468
2.682484272254233
3.412413354574419
2.640009316011242
2.8882190460820176
0.01197394777826191
0.0001587510812375022
0.009334345300841646
0.003968016179079711
0.011580854872488701
0.00030700247430842913
0.3760687653456177
0.27904194672140803
0.27729239452703297
0.35429373872104314
0.3857872218242131
0.20726498466296236
2.434817406332855
2.5362105615486517
2.5171725091253623
2.91757689683665
