0.7002968029900531
0.8804846556380187
0.04816683894659431
0.7460744893911507
0.007645917237639053
0.14922906611795606
0.39879462313695396
0.5731259688476772
0.7854424109223248
0.13531106416836933
0.615859948138119
0.8280516915619944
0.7594929311752684
0.05994703664792037
0.03420975277314757
0.9447630948784855
0.2822123763924728
0.19533695912102503
0.7962376624169537
0.7610654436021231
0.9191825958542315
0.20174299542848811
0.4191200060128856
0.06582135554218166
0.1670821044998059
0.8303133390259297
0.4973339978884816
0.13692491105116075
0.04508254105480625
0.051111520381654924
0.3399685660549246
0.7641383302681442
0.6263818890652184
0.22596173705690578
0.9165950746286065
0.3279228520095917
0.3979456208563494
0.33977080053064934
0.2989639841898589
0.426902541826016
0.5371033754155005
0.0736923292274493
0.63568176163928
0.35320225303190317
0.7316921432063176
0.29467207872033874
0.4833919007266701
0.305548893906314
0.29090672765250897
0.7718027297292199
0.7114409640799529
0.04027664593379594
0.970259885235541
0.3750970682937069
0.37514830773841
0.9097610921901315
0.5575596201361225
0.6629583296470878
0.7183505769709138
0.5417666110040662
0.05725264589724473
0.08667901228964185
0.27689896532435343
0.3941644511052637
0.34380483371915416
0.1097120084316282
0.15018487017010904
0.19609655994942268
0.38375853312838853
0.7270068728123609
0.48757879594738673
0.3235154492651875
0.5727154837454648
0.15483760675756675
0.44114446929216616
0.7739072569855256
0.09930345406477897
0.6258282468167151
0.7525021678743483
0.6130095126210554
0.3918231832236436
0.5959893879939818
0.7582241737773713
0.8618465378386256
-0.0000001209798063089961
-0.000003777136838203801
-0.000007119616082197808
-0.0000048766584701769305
-0.00002059890620053231
-0.00007674157822803687
-0.0007187280726981087
-0.00010757654178388794
-0.00044781639184433847
-0.0019998195661750113
-0.0004599939255593923
-0.002971607472626892
-0.0037274986130700605
-0.006095610118934243
-0.009758832391505363
-0.011171312955466858
