0.7002967920785362
0.8804844439509677
0.048165890285732364
0.746074108864482
0.007642478722721914
0.1492192852909011
0.3987946027537627
0.573125643668356
0.7854418128276214
0.13531038498960513
0.6158580711838793
0.828046468007679
0.7594929153229476
0.059946209232019564
0.034208368882093464
0.9447627184476542
0.2822095186203309
0.19532553629507485
0.7962376474434046
0.7610651038656931
0.9191819919189989
0.2017421381144351
0.41911707208826754
0.06580649028106762
0.1670535339242797
0.8303090874744786
0.4973160193883126
0.13684437927280813
0.045064066151182774
0.050991298806169164
0.3399400343107498
0.7641340852526464
0.6263639387551643
0.22588131553711363
0.9165766285033049
0.3278028006862036
0.39791716247927833
0.3397665669962136
0.29894608510198045
0.4268223230307751
0.5370849822514204
0.07357259467499684
0.6356532458279777
0.35319800933092493
0.7316741938574745
0.2945916992899
0.4833734588493255
0.3054288873460498
0.2908784284723335
0.7717985206755275
0.7114231567453618
0.04019688591074256
0.9702415903386366
0.37497798140448485
0.37512035224313095
0.9097569397148731
0.5575420317533123
0.6628795748118808
0.7183325088825049
0.5416489734104964
0.05711539220341335
0.08645696871745248
0.2765431129830559
0.3937613836212838
0.34365514440349104
0.10946991177878801
0.14979677365269922
0.19565704917361731
0.3836108557319005
0.7267680200235523
0.4871959198370019
0.3230818388804451
0.5725851750476291
0.15462670528842087
0.44080657113242183
0.7735244488373231
0.0991547525390158
0.6255877379086757
0.7521166346398511
0.6125728869682087
0.3916951072197701
0.5957820871284952
0.7578920574348108
0.8614702994103777
-0.00000012561757021107308
-0.000003929766344249262
-0.0000074059130108608625
-0.000005072419715980537
-0.000021446205047082914
-0.00007991101805145749
-0.0007473028444843115
-0.00011182858198167264
-0.000465796928750212
-0.002080362244462032
-0.0004784712826431824
-0.0030918455499957015
-0.0038801211425315324
-0.006342398944344223
-0.010154519937544664
-0.01161937041647237
