0.7002967809057395
0.8804842312420803
0.04816495199133359
0.7460737246030945
0.007639094692806503
0.14920956143133488
0.3987945830804784
0.5731253193707395
0.7854412116899526
0.1353096927788277
0.615856219461634
0.8280413123886663
0.7594928999887446
0.059945366942643984
0.034206956566631606
0.9447623550687915
0.28220668065247073
0.19531412800072265
0.796237632504997
0.7610647748150053
0.9191813941612539
0.2017412880778413
0.419114201510856
0.06579187552978326
0.1670249980693078
0.8303048428103667
0.49729806312847274
0.1367638092955146
0.04504562456930258
0.05087108573446256
0.3399115372079999
0.7641298471741733
0.6263460108687762
0.22580085634851108
0.9165582157038877
0.32768275828022925
0.39788873798141644
0.33976234053761706
0.29892820895623257
0.4267420668828095
0.5370666221322483
0.07345286911799677
0.6356247647499946
0.3531937724502208
0.7316562664693965
0.294511281339789
0.4833550501459682
0.3053088886320663
0.2908501571855669
0.7717943177046317
0.7114053682447
0.0401170721223616
0.9702233241366355
0.3748588782851472
0.37509241607259086
0.9097527920003792
0.557524457470891
0.6628007441510708
0.7183144637398361
0.5415312873093457
0.056977716321801236
0.08623433929333814
0.27618994225056365
0.39335655269807757
0.34350499202842755
0.10922716993987701
0.14941160589875782
0.19521560935463927
0.3834627219503071
0.7265285317043765
0.48681593253035116
0.32264632672479704
0.5724544719483613
0.15441526169535402
0.44047122490499435
0.7731399830052849
0.0990055916364927
0.6253465892262059
0.751734009272153
0.6121343456467223
0.3915666488904357
0.5955742628314458
0.7575624633869175
0.8610924501112033
-0.0000001303731533819501
-0.0000040828267146253376
-0.00000769245101753886
-0.000005267665436337031
-0.000022275057355481952
-0.00008301608950228355
-0.0007758430274806607
-0.00011607376971872598
-0.00048375521800334437
-0.0021609436382913306
-0.0004969153508076534
-0.0032120753772948824
-0.0040332153310282635
-0.006589846285872212
-0.010547211926306034
-0.012069391879980166
