0.7002967681043175
0.8804840116671607
0.048163988500487136
0.7460733372459446
0.007635672864650488
0.14919998449162036
0.398794561110425
0.57312498196421
0.785440582254864
0.13530901562723177
0.6158543115467886
0.8280361652427325
0.7594928835224611
0.059944516883440456
0.034205537563469626
0.9447619869330558
0.28220384363055917
0.19530295081656776
0.7962376170082142
0.7610644427818172
0.919180796820345
0.20174044773091415
0.41911135491041285
0.06577737170428606
0.1669965223388036
0.8303006217003389
0.4972801460298593
0.13668346171373122
0.045027200200802885
0.05075102898821821
0.3398831010066155
0.7641256327179706
0.6263281226021752
0.2257206211843086
0.9165398207870549
0.3275628753674768
0.39786037783260036
0.3397581380261937
0.29891037429142014
0.4266620419476897
0.5370482825825253
0.07333331614632163
0.6355963434873139
0.3531895591709013
0.7316383782190002
0.29443108582919547
0.48333665854113467
0.30518904557127796
0.29082195166856833
0.7717901389010476
0.7113876216732437
0.04003749376405768
0.9702050794128197
0.37473995290119544
0.37506453895291264
0.9097486674820677
0.5575069204779259
0.662722131305195
0.7182964356842648
0.5414137512158619
0.05684214232057156
0.08601130251946457
0.2758375222425987
0.39295181373645705
0.34335712684687586
0.10898398266452361
0.1490272364359641
0.19477426185811292
0.3833168456778262
0.7262886044185585
0.4864367367050203
0.32221090746533215
0.5723257736038961
0.15420343725746924
0.44013662071228143
0.7727556228520447
0.09885870359994359
0.6251049981968977
0.7513521818400649
0.6116958977173578
0.3914401685905976
0.5953660746245956
0.7572336183344992
0.860714725520555
-0.00000013577537368758393
-0.0000042401865517238656
-0.000007988482543206594
-0.000005464161532762573
-0.000023119624731843606
-0.00008611108697905299
-0.0008043236028804482
-0.00012029548247163999
-0.0005016747087137797
-0.002241304036119164
-0.0005153425892804447
-0.003332151110951087
-0.004183979075219102
-0.006837744662180667
-0.0109390995247604
-0.012519318545474
