0.7002967560777686
0.8804837881806125
0.048163000149843475
0.7460729537311056
0.00763225519772725
0.14919031731604618
0.39879453972552625
0.5731246447226764
0.7854399516450411
0.1353083123950292
0.6158524285449901
0.8280310045355392
0.7594928668439705
0.05994365118896102
0.034204063866838094
0.9447616080228263
0.2822009482764014
0.1952915367948014
0.7962376016261482
0.7610641019145252
0.9191801825684023
0.201739597519545
0.4191084785995355
0.06576277577058075
0.16696805503299295
0.8302963907083393
0.49726220407112354
0.13660294977545737
0.04500876211982721
0.050630785906410014
0.339854674232576
0.7641214085213158
0.6263102096678456
0.22564022491010474
0.9165214125224926
0.3274428093753794
0.39783203018525976
0.339753926304028
0.2988925158713568
0.42658186686591776
0.5370299307882439
0.07321359061117393
0.6355679312939324
0.3531853361831887
0.7316204653418718
0.2943507288736414
0.483318253452857
0.3050690190719223
0.290793757326409
0.7717859507637186
0.7113698505724871
0.039957762720741155
0.9701868216092652
0.3746208507103487
0.3750366800805882
0.9097445345643556
0.5574893626412482
0.6626433853607027
0.7182783991997336
0.5412960672432733
0.05670430214975524
0.08578905969034101
0.27548282337702595
0.3925484150334262
0.3432067844704578
0.1087416592924207
0.1486403743267544
0.19433435595704296
0.38316852666909984
0.7260495294270924
0.4860550828153378
0.3217769135792885
0.572194932382178
0.15399237967844231
0.43979987668103226
0.7723725704848764
0.09870935574839819
0.6248642654233331
0.7509678783508189
0.6112588859406086
0.3913115890727431
0.5951586497393667
0.7569026872291037
0.86033830339721
-0.00000014096367471045288
-0.0000043995558617305965
-0.000008293197952713086
-0.000005662673858071351
-0.000023969456531103615
-0.00008925155135393079
-0.0008327957135336444
-0.0001245270563041408
-0.0005196187775899496
-0.0023218287704299075
-0.0005337833441794402
-0.003452412438794495
-0.004337269594486753
-0.007084760862397963
-0.011333528492855682
-0.012967783381598184
