0.7002967451975886
0.8804835866491111
0.0481620813209344
0.7460725686940914
0.007628836784181939
0.14918050357813153
0.3987945209327121
0.5731243356706583
0.7854393712380107
0.1353076473341536
0.6158505718968689
0.8280258565802627
0.7594928524986766
0.05994286858046152
0.03420274471972225
0.9447612452789018
0.28219818863237983
0.19528045153194626
0.7962375865538951
0.7610637815847104
0.9191796023324753
0.20173873699647824
0.4191055724402628
0.06574792781772015
0.1669394221302719
0.8302921481529625
0.4972441855770277
0.13652191407322978
0.044990238158169764
0.050509771978493725
0.33982607738411486
0.7641171720129178
0.6262922176950259
0.22555929199920766
0.9165029154729118
0.3273219552618222
0.39780350424948013
0.3397497009186373
0.2988745736605686
0.42650113137583184
0.5370114849662377
0.07309304472078366
0.6355393530022015
0.35318110145114046
0.7316024759523323
0.29426984580936344
0.4832997624955827
0.3049482203148028
0.29076538999873325
0.7717817498373649
0.7113520002207728
0.03987748701789886
0.9701684739886219
0.3745009536391029
0.37500865090491514
0.9097403892999263
0.5574717280479045
0.6625641047891289
0.718260274782937
0.5411776031462899
0.05656660012302735
0.08556476830260437
0.2751290881344672
0.39213947836022306
0.3430565970525033
0.10849709492129146
0.14825456984122617
0.1938884179964302
0.3830203594936367
0.7258082450835276
0.4856744710532417
0.32133696721187816
0.5720642285749837
0.15377939296969156
0.43946405935489286
0.7719842763753333
0.09856016046086202
0.6246213071790853
0.7505846231972607
0.6108158783460189
0.3911831520437469
0.5949493432875301
0.7565726856055324
0.8599567524399621
-0.00000014530621376490211
-0.000004542577395561915
-0.00000856724741032402
-0.000005857163564264422
-0.000024800297520634387
-0.00009237282341004447
-0.0008614325482486654
-0.00012877005478989306
-0.0005376391957181213
-0.002402874643476661
-0.0005523096195660563
-0.003573441972185118
-0.004490399004854616
-0.007334064565061331
-0.011726871744347157
-0.013422388967984089
