0.7002967337340591
0.8804833714463022
0.048161181941885706
0.7460721832376356
0.007625481737442525
0.14917080361325258
0.3987945005591491
0.5731240059442497
0.7854387705636678
0.13530696086971492
0.6158487013809825
0.8280206688105031
0.7594928364353751
0.05994203440402514
0.03420138851803802
0.9447608736134044
0.2821953614220546
0.1952691281672531
0.7962375718349858
0.7610634462592183
0.9191790103048021
0.20173788108050783
0.41910268433175885
0.06573308485386241
0.16691095992202679
0.8302879150313408
0.4972261641461799
0.13644121935724426
0.0449717445833076
0.0503890489396511
0.33979765420959346
0.7641129454711283
0.6262742248358153
0.22547870885799992
0.9164844510068276
0.32720140482165166
0.3977751516381549
0.33974548544130406
0.2988566314432516
0.4264207438823386
0.5369930723524754
0.07297280415470427
0.6355109453961202
0.35317687610374326
0.7315844829021655
0.29418930377906355
0.4832813014958476
0.30482771105247
0.2907371931466948
0.7717775584436407
0.711334147702293
0.03979755295551297
0.9701501572871017
0.37438135040600934
0.3749807946007355
0.9097362541641979
0.5574540933798068
0.6624851751129933
0.7182421833409508
0.5410594464825137
0.05642724230406
0.08534064382346888
0.274771463022644
0.39173713843500885
0.3429045986148209
0.10825270826441429
0.14786450809830506
0.1934496607187306
0.38287040656503674
0.7255671363955569
0.4852896618840172
0.32090410728631025
0.5719319632767293
0.1535665795960136
0.43912457562707724
0.7716022736725289
0.09840916695468167
0.6243785264859386
0.7501971414508574
0.6103800063399534
0.39105318750597795
0.594740216119778
0.7562390973576402
0.8595814031882962
-0.00000015007200574711362
-0.000004696944519437058
-0.00000884935556071362
-0.000006051929486545075
-0.000025634795620434734
-0.00009551589698092718
-0.0008898990839336768
-0.00013300369754898835
-0.0005556626599753247
-0.0024835808468220196
-0.0005708056740060562
-0.0036941819105839706
-0.004645376532980422
-0.007583187236542194
-0.012124559374899547
-0.013869677548561653
