0.7002970457474988
0.880489124137078
0.04818654726758702
0.7460825128793557
0.007716120543442894
0.14942876818188605
0.3987950556531757
0.5731328250793175
0.7854551345041452
0.1353255220677941
0.6158989393866527
0.8281586575541094
0.7594932666472715
0.05996437499181822
0.03423904628609424
0.9447708515157245
0.282271411334936
0.19557113963735887
0.7962379795274857
0.7610723945659138
0.919195068440225
0.20176084198402625
0.4191796974129205
0.06612476780829975
0.16768525397525025
0.8304035114866453
0.4977102690260605
0.13860626884220226
0.04546911089583221
0.053611623864632245
0.3405709003741016
0.7642283651760428
0.6267575724029291
0.22764080805600365
0.9169810449701407
0.33041943277348745
0.3985464008344688
0.33986059029709503
0.299338590730913
0.42857735592946034
0.5374882357124859
0.07618229782227305
0.6362837572701789
0.3532922586558274
0.7320678080434035
0.2963502562470511
0.48377778255130816
0.30804454131761255
0.2915042751143776
0.771892018518614
0.7118137318441571
0.04194222634413478
0.9706427746913255
0.3775740975149772
0.3757388285280666
0.9098492155471536
0.5579279412584363
0.6646035501303206
0.718728868090104
0.5442144183343367
0.06007609392589864
0.09129507974521332
0.284285113424631
0.40261601161647276
0.34688342534428007
0.11474382252967961
0.1582384212215056
0.20531020724022284
0.3867958617802389
0.7319714653998238
0.4955243364257551
0.33260575888590693
0.5753979008657669
0.15922505715053537
0.4481628819260517
0.781939590579168
0.10236182385847803
0.6308272181565555
0.7605027963463921
0.6221629635715198
0.39446113017987344
0.6003043977881493
0.7651264125623766
0.869745521445426
-0.000000018037917615035774
-0.0000005828388796954212
-0.0000010971069033416882
-0.000000773367757697391
-0.000003231786509076177
-0.000012167707561351758
-0.00011548516989469203
-0.000017392751141110763
-0.00007150114593910746
-0.00031821921728114263
-0.00007337026969943655
-0.0004711462054753074
-0.0005886205885106133
-0.0009663669160913184
-0.0015479377128137873
-0.0017786614985664604
