0.7002967114277239
0.8804829469977675
0.048159303142873484
0.7460714145792016
0.007618726552104789
0.1491514856296086
0.39879446030406446
0.57312335345778
0.7854375617571374
0.13530557049775777
0.615844951904391
0.8280103076231704
0.7594928049336858
0.059940396975483666
0.0341986392572753
0.9447601255626165
0.2821896631586167
0.19524639212856393
0.7962375421378992
0.7610627822484168
0.9191778207091483
0.20173615281165666
0.4190969292365419
0.06570356640438536
0.16685395523735963
0.8302794759924301
0.49719013069639056
0.13627958969744855
0.044934707169968315
0.05014707104102862
0.3397407257571981
0.7641045191991458
0.6262382475220936
0.22531729681840493
0.916447470686277
0.32695976542009636
0.3977183693249792
0.33973708204691067
0.29882075750362797
0.42625973921746163
0.5369561982770735
0.07273180342073637
0.6354540507211548
0.3531684527564989
0.7315485078841412
0.29402798210694303
0.4832443305144264
0.304586167781285
0.2906807209900895
0.7717692025590694
0.7112984523811314
0.03963744811216356
0.9701134749425997
0.37414162025227443
0.37492499917241956
0.9097280096446799
0.5574188313816669
0.6623270661159553
0.7182059493798266
0.5408225964348987
0.056151789119534876
0.08489118566141601
0.2740579067738645
0.39092663899589175
0.3426041522327075
0.10776259748847505
0.14708621011369724
0.19256577395474866
0.38257400469858244
0.7250836033019735
0.48452184870817305
0.3200321054503001
0.5716705521381495
0.15313984359878322
0.43844727752958806
0.7708328109688924
0.09811070788294023
0.6238916390905502
0.7494239942744603
0.6095019361976383
0.3907963421760162
0.594320905228199
0.7555736160769401
0.8588253995402412
-0.00000015939599623693014
-0.000004999650597504368
-0.000009419834361122621
-0.000006446082850644736
-0.00002730717538293627
-0.00010178849025629035
-0.0009469123580748608
-0.00014144369982070518
-0.0005917001676038041
-0.0026452326264475826
-0.0006078481399617099
-0.003936193402385461
-0.004951709985548009
-0.008082797544214764
-0.01291807411046883
-0.014770750003174538
