0.700296700967048
0.8804827400696453
0.048158377836013205
0.746071045759378
0.007615375938109492
0.14914186148356223
0.39879444161914324
0.5731230365363932
0.7854369706836722
0.1353049198428338
0.6158431111780942
0.8280051659222285
0.7594927903116381
0.05993957502646217
0.034197265576795276
0.9447597670446138
0.2821868545015475
0.1952351013571441
0.7962375280835904
0.7610624535006968
0.9191772292188831
0.20173532087542906
0.4190940717206181
0.06568890648734962
0.1668254735388351
0.8302752605551382
0.49717216116863605
0.13619860310701123
0.04491623307220281
0.050026040487096954
0.3397122819182412
0.7641003101215936
0.6262203057087797
0.22523641876745965
0.916429024832502
0.3268389029498011
0.39768999690858314
0.3397328841563164
0.29880286527594224
0.42617906153831814
0.5369378036265839
0.0726112516069629
0.6354256214484257
0.35316424481759295
0.7315305659409335
0.29394714295954977
0.4832258878357108
0.3044653441296214
0.2906525016183936
0.7717650281868286
0.7112806481019833
0.03955721659082935
0.9700951745278591
0.3740216962310706
0.37489711559305466
0.9097238904429649
0.5574012426123813
0.6622478259011895
0.7181878718397617
0.5407041052703437
0.05601281424131172
0.08466748520244541
0.27370376958386317
0.3905186900805713
0.3424525630928128
0.10751866403921699
0.14669993529468764
0.1921208804762223
0.3824244571304338
0.7248429433395857
0.4841407781456252
0.3195931952084675
0.5715386727564492
0.15292746892079448
0.4381111662448139
0.770445548124672
0.0979601222754935
0.6236493089503501
0.7490402766292397
0.6090599710492588
0.39066677674409045
0.5941122422400045
0.755243392804009
0.8584449407672653
-0.00000016370513960777224
-0.000005148706951766457
-0.000009699911733343799
-0.000006633177338799394
-0.000028128241803606315
-0.00010489523321791828
-0.0009753980030406528
-0.00014565962192644705
-0.0006096714294491079
-0.0027262299416278167
-0.0006263243869268699
-0.004057239220163355
-0.005106269662269458
-0.008331455143126772
-0.013311898994182366
-0.015224290597315926
