0.7002966897019524
0.8804825220124916
0.04815744159472273
0.7460706691804202
0.0076119541149460256
0.1491321296514262
0.3987944223281196
0.5731227052947196
0.7854363588383195
0.13530426330705148
0.6158412248013675
0.8279999783990305
0.7594927748236513
0.059938721668082715
0.03419584166234644
0.9447594031604254
0.28218399261051164
0.19522378071178262
0.7962375131548225
0.7610621143701639
0.9191766209196078
0.20173448835169855
0.41909117332260165
0.06567433467392106
0.1667970674979805
0.8302710649746676
0.4971542002746463
0.13611788633839392
0.044897754403088436
0.04990512640899934
0.3396839151857876
0.7640961211339931
0.6262023735641823
0.22515581493300518
0.9164105754181031
0.32671816353283517
0.39766170437261844
0.33972870674318084
0.29878498537003567
0.4260986646872348
0.5369194081495826
0.07249083676093905
0.63539726859736
0.35316005685855123
0.7315126328392129
0.29386657625945073
0.4832074409318062
0.3043446396254067
0.2906243640600752
0.771760874716819
0.711262857879737
0.03947727289076801
0.9700768748123602
0.37390191932530964
0.374869310308607
0.9097197916820751
0.5573836651969428
0.66216886613503
0.7181697922089539
0.540585746334861
0.05587535963159106
0.08444362878340518
0.2733470556929425
0.390113643085452
0.34230262538170203
0.10727455086255548
0.14631083869873812
0.19167913571925374
0.38227654007003903
0.7246021079574223
0.48375692636505435
0.31915739440592683
0.5714082473305162
0.1527149616830243
0.4377726272141294
0.7700610689318771
0.09781117853091995
0.6234068026782579
0.7486537585662638
0.6086211369500405
0.39053864807626526
0.5939034613483241
0.7549108034274099
0.8580672388081324
-0.0000001683340517851112
-0.0000053040222914450566
-0.000009990943629052378
-0.0000068235519622289075
-0.000028972089131502014
-0.00010802058755484767
-0.0010038082007698867
-0.00014985571903704126
-0.0006276342905991889
-0.0028069579764515686
-0.0006448054226454206
-0.004178169706426163
-0.005259148441750844
-0.008580299596227008
-0.013708602485715803
-0.01567462619477383
