0.7002966787882626
0.8804823094637547
0.04815649249130023
0.74607030845676
0.007608624221373896
0.1491225567290443
0.3987944019884448
0.5731223788889599
0.7854357484157117
0.13530361332787846
0.6158393616596104
0.8279948394285416
0.7594927595380154
0.059937896809238896
0.03419444525845769
0.9447590433716487
0.28218113441867065
0.19521230325703962
0.7962374995274395
0.7610617825770216
0.9191760263063626
0.20173370153823014
0.4190883611697674
0.0656598752437011
0.16676870231734117
0.8302668672408643
0.4971362363333704
0.13603705693190063
0.04487930253277482
0.04978414541235364
0.33965558812458296
0.7640919297474271
0.626184437314659
0.22507509508362467
0.916392151779849
0.3265973517555405
0.39763345108118847
0.33972452697845934
0.2987671011646765
0.42601815275775634
0.5369010378788349
0.07237034849038286
0.6353689543767741
0.3531558663561684
0.7314946954794111
0.29378589048177045
0.48318901944261805
0.30422385981937555
0.2905962604980028
0.7717567178363306
0.7112450596645232
0.03939719793853163
0.9700585967281846
0.37378204676897464
0.37484153657323893
0.9097156889550814
0.5573660783593162
0.6620897683038771
0.7181517326379157
0.5404672841500364
0.055735965802825006
0.08421887236996624
0.2729925050273058
0.38970763410212744
0.3421505746769685
0.10702945386495658
0.14592410319022187
0.1912363379093918
0.38212653787197687
0.724360302251653
0.4833754032129927
0.31872055507551555
0.5712759855234983
0.1525016112314249
0.43743615810578934
0.7696756968826438
0.09766013501222258
0.6231633190202498
0.7482695844152222
0.6081812570959347
0.3904087198987736
0.5936938612682165
0.7545802634981107
0.8576886764164442
-0.00000017263318296222112
-0.000005454035063822857
-0.000010277966624398925
-0.000007005918596569359
-0.000029794016351672796
-0.00011110456127272
-0.00103217737581055
-0.0001540538979376066
-0.0006455999752923369
-0.0028877979870317234
-0.0006632594685733433
-0.004299166247090047
-0.005414177608357305
-0.00883014480633327
-0.014102893461524603
-0.016126032112877605
