0.700296665844217
0.8804820813963443
0.04815546555642066
0.7460699171551834
0.007605124070492493
0.14911275657306944
0.3987943793635531
0.5731220344413073
0.7854350987747981
0.135302923349534
0.6158374221678518
0.8279895877090203
0.7594927414555315
0.05993702759613213
0.034192953018294454
0.9447586601653397
0.282178190042434
0.19520080394646275
0.796237483060956
0.7610614352233441
0.9191754002923852
0.20173283809511616
0.4190854430256594
0.0656450809333951
0.16674022608572284
0.8302626497415393
0.4971181895922225
0.13595581077303234
0.044860755949528194
0.04966255868690453
0.33962715264140775
0.7640877191127635
0.6261664202908238
0.22499396630434568
0.9163736355763198
0.32647594580146
0.3976050957725962
0.33972032888785914
0.2987491401749691
0.42593724923827897
0.5368825795595358
0.07224929257930153
0.6353405331273139
0.3531516569507827
0.7314766785637673
0.2937048010975369
0.48317050628725916
0.3041024929105026
0.2905680602991465
0.7717525437581967
0.711227188952991
0.03931674902089802
0.9700402346799538
0.37366163174695133
0.374813670847424
0.9097115701638131
0.5573484235671776
0.6620103127075911
0.7181335934727697
0.5403483039341078
0.05559532888064727
0.08399405428697115
0.2726354814507598
0.3893003072986752
0.34199715504213396
0.10678427453310299
0.14553464334171726
0.1907920794316118
0.3819751879548603
0.724118418392309
0.48299119767753834
0.318282279489901
0.5711425579791508
0.15228822177180382
0.4370973759408473
0.7692891059337229
0.09750773418045465
0.6229197566426287
0.7478827095019965
0.6077399312033746
0.3902776556332158
0.5934842358862221
0.7542474708008471
0.8573089398044065
-0.00000017861682493198023
-0.00000561780661015209
-0.000010589131156994666
-0.000007208188906692891
-0.000030664501667522854
-0.00011429127899849201
-0.0010606587423857717
-0.0001582721021700036
-0.0006636495112251162
-0.002969058332452463
-0.0006818092135856341
-0.0044207738777699125
-0.0055706086818267915
-0.009080080887616396
-0.014499973918882754
-0.016578936664001058
