0.7002966539395594
0.8804818639303066
0.04815449713682179
0.7460695413644474
0.0076016760929696735
0.14910299459377
0.39879435973261834
0.5731217061795857
0.7854344939877216
0.13530227912692872
0.6158355497774726
0.8279844153903191
0.7594927252162572
0.059936187872128815
0.03419155307050661
0.9447582920181583
0.2821753327667623
0.19518942168519435
0.7962374677422909
0.761061093064113
0.9191747878232276
0.20173200510157077
0.4190825446693519
0.06563036799157178
0.16671190100618155
0.8302584631561681
0.4971002320906438
0.13587495254829232
0.04484229832373382
0.0495414544932981
0.3395988668183865
0.7640835390566698
0.6261484912468795
0.22491322079345627
0.9163552071424099
0.32635501578628373
0.3975768857972125
0.33971616062904864
0.29873126361406255
0.4258567163418858
0.5368642057998866
0.07212869251329884
0.6353122607923217
0.3531474779690324
0.7314587489797675
0.29362409260073413
0.4831520803891423
0.3039815980836175
0.29054000728582186
0.7717483996993505
0.7112094031540532
0.03923667601528277
0.970021958230398
0.37354167898304114
0.37478595255662195
0.9097074813778963
0.5573308527396035
0.6619312362413515
0.7181155391707885
0.540229786044423
0.055456061442663684
0.08376910075232719
0.27228110847872594
0.3888938909264965
0.34184523129399585
0.10653895214674426
0.14514807545996275
0.19034880920398675
0.3818253129912619
0.7238763924358669
0.48260984463994067
0.31784497948157736
0.5710104386401674
0.1520747109020879
0.4367611279079601
0.7689034044320814
0.09735681857676545
0.6226760505714745
0.7474987070442022
0.607299587231444
0.39014788316626586
0.5932745025541803
0.753917185797679
0.856930098728607
-0.00000018360854855046836
-0.0000057735444945809525
-0.000010883578691197735
-0.000007399149169361342
-0.00003151571059691576
-0.0001174489726672016
-0.0010889883365108196
-0.00016245923972428835
-0.0006816091630438124
-0.0030499286833436503
-0.0007002694692049973
-0.004541895828338536
-0.005725512751928502
-0.009330157252192418
-0.014894103239898624
-0.01703083325582669
