0.7002966427084617
0.8804816492395059
0.048153532227179885
0.7460691609874318
0.007598236365517774
0.14909320711511564
0.3987943402706153
0.573121381911838
0.7854338800735069
0.1353016014648368
0.6158336602769325
0.8279792349094639
0.7594927103805581
0.059935350899796624
0.03419012071756561
0.9447579310251314
0.2821724380009224
0.19517792251730123
0.7962374530529526
0.7610607576029199
0.919174174340367
0.20173116314228215
0.41907965003573294
0.06561580999594882
0.16668339297007337
0.8302542606274333
0.49708216918859105
0.1357935485871024
0.044823720222691356
0.04941946746452729
0.33957039677785933
0.7640793429579401
0.6261304566638712
0.22483192678454603
0.9163366576880454
0.32623319979565113
0.39754849128491987
0.33971197638991457
0.2987132819746201
0.42577563569886206
0.5368457109238681
0.07200720790107698
0.635283806289346
0.35314328314719373
0.7314407149540653
0.2935428403942249
0.4831335347984181
0.30385982527879907
0.29051176726616473
0.7717442391525666
0.711191511099784
0.039156047475634365
0.9700035592794632
0.3734208334304435
0.37475804425605386
0.9097033751626027
0.5573131736778293
0.6618515922283285
0.7180973607565297
0.5401103635908098
0.055316620940259034
0.08354261186087979
0.2719244375538734
0.38848380438658303
0.341693115892224
0.10629194876590348
0.14475899327028013
0.18990153894639059
0.3816752496900463
0.7236327094067674
0.4822260129004103
0.3174037326177789
0.5708781598643324
0.1518597556755852
0.4364227170109812
0.7685142338631303
0.09720571331297333
0.6224306755393465
0.7471122080220203
0.6068552676190779
0.39001796087101726
0.593063361498397
0.7535847947411376
0.8565478679175397
-0.00000018804662180827883
-0.000005925219252021115
-0.000011175692724353674
-0.000007591989521896553
-0.0000323602954183804
-0.00012058026594725794
-0.0011175003545717025
-0.00016666223818848043
-0.0006996740158391354
-0.003131343252229064
-0.0007188499020241852
-0.0046638988644726225
-0.00588061125435045
-0.009581947558368213
-0.015290795022610043
-0.01748679864039163
