0.700296631461732
0.8804814338729995
0.04815261536943584
0.7460687725222848
0.007594911706576529
0.14908357663982386
0.39879431990891034
0.5731210511362865
0.7854332768926149
0.1353009067867294
0.6158317903010985
0.8279740316964919
0.7594926943884946
0.05993451539730569
0.03418874766445919
0.9447575533081544
0.2821696243451805
0.19516662047337224
0.7962374387496064
0.7610604242713196
0.9191735894098177
0.20173028932679946
0.41907678397904014
0.06560095172188954
0.1666549630300315
0.8302500641395284
0.4970641413386617
0.13571220117059574
0.04480518710263074
0.049297626791870996
0.3395420055089832
0.7640751530290947
0.6261124575875622
0.22475069144996832
0.9163181537319182
0.3261115330669277
0.3975201711078447
0.3397077978697793
0.2986953340426667
0.42569460277691457
0.5368272590551386
0.07188585682343449
0.6352554314118625
0.353139094445862
0.7314227155946573
0.29346164874447145
0.48311503445308285
0.30373820221711545
0.29048359933252765
0.771740084003354
0.711173650535986
0.03907546234055548
0.9699852010389076
0.3733001110965824
0.3747302149906908
0.9096992757168861
0.557295530923162
0.6617720154959255
0.7180792278455047
0.539991097098383
0.0551760034984607
0.08331707926522001
0.2715679229129584
0.3880747428822431
0.34153971217222434
0.10604598644776171
0.14437007574957697
0.18945537688890618
0.38152391597977875
0.7233900532066403
0.481842344225359
0.31696358081215426
0.5707447769374393
0.1516457233091296
0.4360844777081755
0.7681260619099403
0.09705332885515171
0.622186334852514
0.7467258721521739
0.6064120496274421
0.38988696051566185
0.5928531362913473
0.7532525870795967
0.8561666384965928
-0.00000019259940216968515
-0.000006079370744587182
-0.000011460083043274487
-0.000007788523597296263
-0.00003318803987335642
-0.00012372098372040354
-0.0011459344466363674
-0.00017085922082117275
-0.000717703753507028
-0.0032127018867360046
-0.0007373853512331511
-0.004785755879641156
-0.006037024985650047
-0.009832675821995243
-0.01568731753327315
-0.017941635055928454
