0.7002966205983817
0.8804812265063363
0.048151692446316445
0.7460683926404125
0.007591557656445644
0.14907384906795848
0.398794301202774
0.5731207306083183
0.7854326852081646
0.13530024205067426
0.6158299402252733
0.8279688414595435
0.7594926790176271
0.059933711680746564
0.034187407283679014
0.9447571840951207
0.2821668363651117
0.19515541236167788
0.7962374242647541
0.7610600954071803
0.9191730053798824
0.20172941423327234
0.41907390769522346
0.06558608753939825
0.16662654877254138
0.8302458823429179
0.4970461176580897
0.13563092107253483
0.04478664089936459
0.049175711816059745
0.3395136286132899
0.7640709774341475
0.6260944613501791
0.22466951881168143
0.9162996355451878
0.32598978544914303
0.3974918654179714
0.33970363327590464
0.29867738756321377
0.42561362997685553
0.5368087924662381
0.07176442170485438
0.6352270714727382
0.35313492026273996
0.7314047204127971
0.29338052124588426
0.4830965210773411
0.30361650278546476
0.2904554482174954
0.7717359430309314
0.7111557934278311
0.038994942331410556
0.969966830497947
0.3731793157365642
0.3747024014254044
0.9096951898908454
0.5572778912403132
0.6616924980027801
0.7180610824533994
0.5398717546140164
0.05503650774364671
0.08309128184281075
0.27121005082077654
0.38766609497807875
0.34138753766368707
0.10579973147164941
0.14397967242463722
0.1890096567672719
0.381373793811661
0.7231471090475167
0.4814572109482625
0.31652386652894504
0.5706124604174455
0.15143145333711813
0.4357449690035113
0.7677383088413682
0.09690216387058483
0.6219417034833248
0.7463380608758663
0.6059692723832596
0.38975701462262435
0.5926426900988754
0.7529191529632323
0.855785841442303
-0.00000019702531941806169
-0.000006227845090099337
-0.00001173885298912756
-0.000007982630797509214
-0.00003401504829378339
-0.0001268531939293128
-0.0011743529062617063
-0.00017504146191091796
-0.0007357292597548488
-0.0032939928116549827
-0.0007559339452329331
-0.00490768704468366
-0.0061921803503458
-0.010083702298268004
-0.016085353854067255
-0.018396022847178704
