0.7002966076569654
0.8804810037834764
0.048150672683727115
0.7460679962794011
0.0075880094479302725
0.14906405437698247
0.3987942800339509
0.5731203881684782
0.7854320510779204
0.13529953899651945
0.6158280058825815
0.8279636453078038
0.7594926614122144
0.059932858118424234
0.034185973558963516
0.9447568039261824
0.28216394752870505
0.1951442004424234
0.7962374081092893
0.7610597538013535
0.9191723887750337
0.20172855285794578
0.419070998776778
0.06557156442790014
0.1665981766669756
0.8302416993118713
0.4970280534325296
0.13554964056757468
0.04476807462086407
0.04905368508051421
0.3394852961618792
0.7640668011436937
0.6260764267548841
0.22458835335372435
0.9162810992966622
0.3258679375630811
0.3974636107416298
0.33969946935642215
0.29865940838224114
0.42553268525182647
0.536790313146308
0.0716429178775521
0.6351987543684829
0.35313074506880976
0.7313866858344708
0.2932993962691545
0.483077988346047
0.30349469651887917
0.2904273512136907
0.7717318033461915
0.711137906041176
0.038914460765521165
0.9699484494741044
0.3730584663281482
0.374674628053885
0.9096911034041018
0.5572602130429133
0.6616129816439172
0.7180429175974091
0.5397523019134792
0.0548961964828504
0.08286399294686236
0.27085209949480965
0.38725839535254436
0.3412344607748314
0.10555183482431041
0.14358916841517677
0.18856495360101308
0.38122278423457967
0.7229025488266128
0.48107198144951585
0.31608515968523393
0.5704793815882022
0.15121578159828367
0.4354054042971403
0.7673514769063657
0.09675010584300162
0.6216954450609896
0.7459501537839768
0.6055275098517791
0.3896263287128898
0.592430881374758
0.752585683460577
0.8554059744343431
-0.00000020270843569918912
-0.000006388733365225164
-0.000012043439771035846
-0.000008183802767164711
-0.000034884696332432125
-0.00012999125225461345
-0.001202729948508225
-0.00017922516285647438
-0.0007537960665165038
-0.003375287019992132
-0.0007745032100536717
-0.005029733750233826
-0.0063482618045681335
-0.01033640770921624
-0.016483496641867355
-0.01884937886630298
