0.3316011301772704
0.7657689471173583
0.07540172741467667
0.08381673871279938
0.07350084948900278
0.40502548875040967
0.8639103292031963
0.9464428698139709
0.6277255231039399
0.8604454150185833
0.5479979626885512
0.942336036832684
0.16058163769326672
0.9212904181709309
0.12305938182701655
0.47121977790876307
0.07537659833563393
0.6888846538097692
0.24792817108608411
0.6139208440254492
0.5192112443232493
0.5228867568981188
0.789864882735842
0.8928912106232184
0.47721786728132504
0.5634930408087117
0.7268396347662819
0.5678142660159433
0.7757702951889385
0.3226284138397127
0.34955725499226264
0.8198926744371793
0.30707776660353087
0.35149403459991363
0.6373151178226081
0.14463832201485813
0.6100066930373915
0.1804367125777289
0.12931065138218464
0.3892636358355488
0.24455259686827374
0.9047657680946892
1.140323260788577
0.5652255816665054
0.5941819028064582
0.8646463865080081
0.3877612183845438
0.9441404877035627
0.4855228828613637
1.068408834307312
1.0715666066507072
1.057790758503295
0.2478517917475222
0.993343240051814
0.4209733584567649
0.6435855088139332
0.8174466615269174
0.17145001966515713
0.9242293152627536
0.7200571494497864
1.523995784333519
1.4071900906667243
1.4173606408309354
1.9126908415071049
1.5070563403160848
1.2241983769235762
1.9022095261356127
1.7307400969624636
1.335473968557212
1.762737750845765
1.094290019430297
1.294845630365058
1.1661025269932777
1.692109844888035
1.3740836512830843
1.4414711807020748
1.5466741806618987
1.5212477186851212
1.0518355805031463
1.2816556180444605
1.253709945524036
1.8107560115054961
1.1858335685207688
1.2821285706689347
0.005400585162028771
0.000058575553485878204
0.0036473169917117746
0.001646378148629248
0.004842144408924452
0.00011130053535807078
0.19564985106078175
0.12607816135838898
0.11360802725139547
0.16951191847463354
0.18835776818111277
0.07376340458394405
0.990808384051064
0.917155893034177
1.0473555460027038
1.2935103758364133
