0.7002965966570519
0.8804807904320687
0.048149735755188626
0.7460676152781588
0.007584602892898895
0.14905420845887646
0.3987942607156608
0.5731200658482459
0.7854314542676538
0.13529888806774387
0.6158261323537834
0.8279584043936261
0.7594926453056531
0.05993204233068507
0.03418459125485644
0.9447564333540668
0.2821610931042004
0.1951327149512219
0.7962373932938652
0.7610594194675601
0.9191717893573158
0.20172768882572173
0.41906807818015496
0.06555662614220906
0.16656978151820742
0.8302375228839446
0.49701000996444095
0.13546821754516664
0.04474951268973884
0.04893150103045442
0.3394569394124393
0.7640626310981329
0.6260584112599756
0.22450704116048895
0.9162625660972907
0.32574592505610245
0.3974353280714239
0.33969531053761615
0.29864144374749435
0.42545158019185925
0.5367718332341549
0.07152122837520176
0.6351704132414262
0.35312657634006
0.7313686704182167
0.2932181270586978
0.483059458676451
0.3033727268913265
0.2903992249421194
0.7717276683758794
0.7111200317474321
0.038833814703575345
0.9699300666972904
0.37293742580317496
0.37464684285794647
0.9096870243484916
0.5572425576055392
0.661533354210475
0.7180247615907202
0.5396327307486269
0.05475624809219962
0.08263664555409185
0.27049570167133663
0.38684813346848634
0.3410817825172605
0.10530388273655343
0.14320035291152736
0.18811744740835928
0.38107216695438895
0.7226579314805951
0.48068841816620916
0.3156436878316742
0.5703466561866053
0.1510000657808948
0.4350673430145792
0.7669622498496038
0.09659844175858867
0.6214491288004899
0.7455639234935985
0.6050829627944365
0.3894959956215473
0.5922190382396127
0.7522537084965165
0.8550237713856224
-0.00000020737740464111993
-0.000006541026372415073
-0.0000123304997000949
-0.000008377751391428933
-0.00003572817097986748
-0.0001331731174249908
-0.0012311294668149104
-0.00018340210024255006
-0.0007718414064747352
-0.003456721730650475
-0.0007930675749225824
-0.005151934649654963
-0.0065039334640927616
-0.01058916281315436
-0.016879919378693847
-0.01930559357462382
