0.7002965849378757
0.8804805713588861
0.04814874062187567
0.746067231738134
0.007581168938338484
0.14904444918421877
0.39879424014789827
0.5731197345924925
0.7854308364701462
0.13529820134619233
0.615824240117326
0.8279531697715073
0.759492628738717
0.05993119983260392
0.03418314893967966
0.9447560546649767
0.28215818776653795
0.19512120027800428
0.796237377815734
0.7610590753075903
0.9191711730718798
0.20172683404244135
0.4190651762204775
0.06554181036454385
0.16654137280130718
0.8302333492976827
0.49699192052335484
0.1353867491392591
0.044730899085580374
0.04880904400147086
0.33942856988690456
0.76405846402872
0.626040350548442
0.2244256859721876
0.9162439819185855
0.3256236438180651
0.3974070355857938
0.3396911555312138
0.29862343712090356
0.42537044374409017
0.5367533048986175
0.07139928685507546
0.6351420590770436
0.35312241047735377
0.7313506101102717
0.2931368130236884
0.48304087825134673
0.3032504884542357
0.2903710865312884
0.7717235369785006
0.7111021149541101
0.038753131226160475
0.969911634640225
0.37281612617340404
0.37461904098846477
0.9096829480518854
0.5572248579985046
0.6614536747973773
0.7180065545698233
0.5395128856947601
0.054616585429614346
0.08240866364083539
0.27013616504464333
0.38643902480035675
0.3409294088236261
0.10505522652571402
0.14280810169434696
0.18767119144520406
0.38092185144728874
0.7224126220894157
0.48030146759948883
0.31520345103322195
0.5702142123423083
0.15078376294833304
0.43472632797076305
0.7665741353654821
0.0964470821103747
0.6212021154323766
0.7451742823093376
0.6046396590999684
0.3893659460923158
0.5920066306512828
0.7519188501547152
0.8546426808251673
-0.00000021246678747316921
-0.000006697829445048647
-0.000012629949657243973
-0.000008575650468877629
-0.000036582292312898004
-0.0001363520490558235
-0.0012595428023380103
-0.00018757624670754516
-0.0007899330479506643
-0.0035382025782444123
-0.000811683870871938
-0.005274409980526679
-0.006659297301833464
-0.010842639319342724
-0.01727984682178199
-0.01976053208880069
