0.7002965732969602
0.8804803601402861
0.04814780404728673
0.7460668415398545
0.007577755040512667
0.14903466145487318
0.39879421912898233
0.5731194086035706
0.7854302377594928
0.13529749438146774
0.6158223534025744
0.8279479889538356
0.7594926127139682
0.05993038486609874
0.03418176368561943
0.9447556773265119
0.28215535836571176
0.1951098261292286
0.7962373619655922
0.7610587428288708
0.9191705742699772
0.2017259839924054
0.41906228291396286
0.0655270648616934
0.1665128839698595
0.8302291560523202
0.49697377007232935
0.13530480076764792
0.044712248882482285
0.048686047219083255
0.3394001183053826
0.7640542770109688
0.6260222280761417
0.22434384533926452
0.9162253600913121
0.3255008161390888
0.39737865633592884
0.33968697974382817
0.29860536582637265
0.42528880784456863
0.536734735769214
0.0712767799244895
0.635113624787459
0.35311822510841223
0.7313324897901115
0.29305502017138846
0.4830222617053537
0.3031277130808327
0.29034286231339634
0.7717193850920431
0.7110841346903878
0.0386719531240585
0.9698931625436743
0.37269426753166934
0.37459114912409824
0.9096788506594071
0.5572070922919923
0.6613734914219954
0.7179883043610773
0.5393924651679278
0.05447424937607762
0.08217958356294608
0.269777932036497
0.3860265109441637
0.34077411988268497
0.10480536509157397
0.14241727385785594
0.18722122301692126
0.38076866009739435
0.7221661254987195
0.479915921378086
0.3147595514570746
0.5700792358171752
0.1505664309443342
0.43438655901234574
0.7661828083606919
0.09629282588001489
0.6209539057656763
0.7447860543300688
0.6041926658199365
0.3892334178853509
0.5917932258720009
0.7515852342023649
0.8542584578622425
-0.0000002175468991024904
-0.000006849123816738146
-0.000012914237620897097
-0.000008775395075821675
-0.00003742287961987988
-0.00013948763737259753
-0.0012880360566273428
-0.00019177004594956616
-0.0008080858888795362
-0.0036201628801861177
-0.0008303368208071809
-0.005397425084447255
-0.006817630378420586
-0.011097345668128013
-0.017678316949278843
-0.020219249143400477
