0.7002965617799966
0.8804801478089476
0.04814683703705577
0.7460664604500039
0.007574347504927097
0.14902504066732475
0.39879419881024925
0.5731190799057756
0.7854296147094726
0.1352968142052734
0.615820455243551
0.8279427903005421
0.7594925970291683
0.059929563929518676
0.03418037435861122
0.9447553077036358
0.28215251855036794
0.19509852023600951
0.7962373474066194
0.7610584126382399
0.9191699836394301
0.20172512774498275
0.419059430470155
0.06551229818643708
0.166484615988408
0.8302249963893572
0.49695572139114536
0.13522344167529485
0.04469370078681026
0.0485637641394325
0.3393718880844572
0.764050123664228
0.6260042073571224
0.22426259591242512
0.9162068404717143
0.32537870362241783
0.3973505000274856
0.3396828379635931
0.29858739792766825
0.4252077680958386
0.5367162703957054
0.07115499676404567
0.6350854108762857
0.35311407307552967
0.7313144695249422
0.29297381472286166
0.4830037461875703
0.30300564602224583
0.29031485950714714
0.7717152664766216
0.7110662545606719
0.0385913640535716
0.969874792162184
0.37257312066744447
0.3745634775252232
0.9096747863449368
0.5571894261587745
0.6612938947726822
0.7179701553363023
0.5392727543122158
0.05433261854539716
0.08195204499673209
0.2694187753454294
0.3856191486231245
0.3406195984624151
0.10455718590844416
0.1420254299106031
0.18677685819416104
0.38061622589214944
0.7219212876376514
0.4795293740119354
0.314321183019406
0.569944937235787
0.1503505746286287
0.4340459382677293
0.7657963964273573
0.09613933228577
0.6207073669351566
0.744396818147024
0.6037512421988334
0.38910156014007563
0.5915812782911034
0.7512507987652676
0.8538790829998326
-0.00000022240056353301865
-0.000007000892058031337
-0.000013203544477929923
-0.000008970523856633765
-0.000038260067832084265
-0.00014261629401553474
-0.0013163086332774099
-0.00019593022012088254
-0.0008261365795068986
-0.0037015340245241035
-0.0008488875288407408
-0.005519725871274502
-0.0069751799857646676
-0.011350334101039599
-0.018077823619049783
-0.020672258682476127
