0.700296550385665
0.8804799398396358
0.04814592740122436
0.7460660703083519
0.007571065797825568
0.14901556178596997
0.3987941784954215
0.5731187596377911
0.7854290306426404
0.13529609822179
0.6158186151032394
0.8279376352999376
0.7594925824372258
0.059928742205659524
0.034179020074893963
0.9447549389313459
0.2821497224172835
0.19508702809563774
0.796237332504528
0.761058078213964
0.9191693933348231
0.2017242658265028
0.4190566114890198
0.06549761039361085
0.1664563057028769
0.8302208392200393
0.49693763857417533
0.13514194488868214
0.044675108464369936
0.048441143694044016
0.33934361493831283
0.7640459726456311
0.6259861519005829
0.22418120663326996
0.9161882761362716
0.32525625097087846
0.39732229657582824
0.3396786979435099
0.29856939239644065
0.4251265774866873
0.5366977572823116
0.0710328555303725
0.6350571557755037
0.35310992371066424
0.7312964164025275
0.2928924746875828
0.4829851875487
0.3028832480053828
0.29028680680899227
0.7717111495421836
0.7110483369427243
0.03851061904045613
0.9698563730966622
0.3724516097163797
0.3745357588862041
0.9096707239821062
0.5571717252570987
0.6612141492004395
0.7179519604265722
0.5391526952921482
0.05419131268412146
0.08172409426950593
0.2690572600609981
0.38521142188156243
0.3404654277537696
0.10430855373246962
0.14163100760009978
0.1863320961235666
0.3804641384525424
0.7216760037120156
0.47914028376826756
0.3138824225244064
0.5698109558468077
0.15013434011831162
0.4337031019321208
0.7654096566602261
0.09598618762624378
0.620460377799635
0.744005020785558
0.6033094223947558
0.38897002206596615
0.591368972631985
0.7509142037048757
0.8534994054234136
-0.00000022701889781327196
-0.000007149736656594162
-0.000013480970956030698
-0.000009169723780569688
-0.000039077254303566986
-0.00014572948296445447
-0.0013446231905990334
-0.00020008787266460312
-0.0008442213468342953
-0.003783042199024783
-0.0008674822892583941
-0.005642363177655559
-0.007132372783344341
-0.01160378359229113
-0.01847995724279568
-0.021125666867475378
