0.70029653872191
0.880479715132
0.048144920413410036
0.7460656946829429
0.0075675745390650145
0.14900570680854106
0.3987941588078478
0.5731184252863601
0.7854284000074941
0.13529544847229738
0.615816722655273
0.8279324212388224
0.7594925660106854
0.059927874763712134
0.03417753835391536
0.9447545751865063
0.28214677853155096
0.19507544873363072
0.7962373173387717
0.7610577369695144
0.9191687684718235
0.20172343177088103
0.41905371023413
0.06548300527816911
0.16642800818870393
0.830216693961358
0.49691963715271653
0.1350604029054662
0.044656562681125785
0.04831867147832671
0.33931535741094004
0.764041834120555
0.625968180001316
0.22409978157165206
0.9161697604333996
0.3251339593591764
0.3972941177542301
0.33967457187154293
0.29855147670703525
0.4250453773476764
0.5366792993390499
0.07091091495881695
0.6350289107209709
0.35310578595776854
0.7312784431600977
0.2928110826724571
0.4829666737126514
0.30276098732977824
0.29025878117056364
0.7717070468585441
0.7110305097188523
0.03842987222152896
0.9698380101496641
0.3723303081003797
0.3745080623722987
0.9096666751891365
0.557154111219794
0.6611343901603658
0.7179338179379773
0.5390328244664382
0.054050929789227764
0.08149767996855335
0.2687002075298005
0.384799888763192
0.34031225337888077
0.10406158472198371
0.14124143776965423
0.18588316251159293
0.3803130359352165
0.7214323628167204
0.4787559835030949
0.31343955024890374
0.5696778630862293
0.14991958172812916
0.43336452473075515
0.7650193392466422
0.0958340354235414
0.6202150442040402
0.7436180480305057
0.6028634640695821
0.38883936444899164
0.5911581272137247
0.7505818104809723
0.8531162381808597
-0.00000023201274006042414
-0.000007309703796240215
-0.000013787698319956646
-0.000009360962121265652
-0.000039937894269000174
-0.00014889288306256122
-0.0013729250964969954
-0.00020423369484260235
-0.0008622250042894723
-0.0038645963319776967
-0.0008860306768773877
-0.0057648532658543285
-0.007288555133354782
-0.011855543195487631
-0.018877149966474136
-0.021583336246685007
