0.7002965267658894
0.8804794935843115
0.04814392934809427
0.7460653115735538
0.007564165048158576
0.1489960441807014
0.3987941384266267
0.5731180858807693
0.7854277717359761
0.13529477955546826
0.6158148289572697
0.827927218565307
0.7594925495925373
0.059927013982246105
0.03417609092947041
0.9447542026576684
0.28214389662749334
0.19506407041113039
0.7962373022612437
0.7610573972561643
0.9191681641457363
0.20172258814132302
0.41905085022573196
0.06546836991777814
0.1663996657515373
0.8302125353534633
0.4969015081261935
0.13497861727760582
0.04463792262335221
0.04819558286210116
0.3392870543732091
0.7640376820859823
0.6259500801638958
0.22401811066816402
0.9161511501269941
0.32501104922696156
0.39726589133715456
0.3396704319714503
0.2985334316675581
0.42496392544539113
0.5366607454445992
0.07078834693351001
0.6350006216362379
0.35310163491472035
0.7312603424732473
0.29272944943471346
0.4829480660095555
0.30263811337119984
0.2902307053620369
0.7717029298536625
0.7110125519140255
0.038348865449079776
0.9698195500004511
0.37220836963886667
0.3744803153851014
0.9096626118374597
0.5571363670532006
0.6610543694148734
0.7179155787344389
0.5389123190760813
0.05390889762547942
0.08126818879246138
0.26833948559099263
0.38438970271374084
0.34015728138079043
0.10381125879570606
0.1408478599699217
0.18543569341308438
0.3801601597897038
0.7211854102187004
0.47836773039698377
0.3129981236295584
0.5695432098434471
0.14970191658943557
0.4330224854441854
0.7646303200195479
0.0956800967933419
0.6199663754817677
0.743227094152164
0.6024189604138327
0.3887071810368918
0.590944439417306
0.7502460359998175
0.8527343648439215
-0.00000023710450886352705
-0.000007468131700128311
-0.00001408789926478976
-0.000009555210835066468
-0.00004078383752878663
-0.00015202985121700626
-0.0014012721003072337
-0.00020839287370563085
-0.0008803562739036378
-0.003946394398954843
-0.0009046734532395322
-0.005887960218648289
-0.007446566650730841
-0.012110722380165397
-0.019278426974902188
-0.022039509410347203
