0.7002965149259456
0.8804792694939779
0.048142929512083314
0.746064926550373
0.007560708308582374
0.14898625533102344
0.3987941187753811
0.5731177518238619
0.7854271487785328
0.13529410164594594
0.6158129353485485
0.8279219685228572
0.7594925335928939
0.059926147432940086
0.03417463889053515
0.9447538283051705
0.282140976483499
0.19505247025923164
0.7962372871148525
0.76105705289827
0.9191675451246274
0.20172172759478144
0.4190479488508298
0.06545352148556338
0.16637143478164085
0.8302083964494407
0.49688348527587856
0.13489704855872975
0.044619367993323784
0.0480729470331336
0.339258863156377
0.7640335498215974
0.625932086854196
0.2239366579277183
0.9161326256194601
0.32488859394416475
0.39723777799491106
0.3396663120438327
0.29851549434111885
0.4248826952296959
0.5366422786402696
0.07066624030273926
0.6349724449030488
0.35309750367873427
0.7312423485712224
0.292648035546216
0.4829295444033768
0.30251569625615327
0.2902027454582091
0.7716988332969363
0.7109947040139886
0.03826808912964017
0.9698011792370592
0.37208690615528406
0.3744526908606769
0.9096585700074677
0.5571187363931784
0.6609746009232356
0.7178974328400339
0.5387923168986599
0.05376709699786356
0.08104144538463477
0.2679803862858271
0.3839799939694576
0.3400025567719529
0.1035639202555014
0.14045603538828608
0.18498873205474944
0.3800075284181274
0.7209414065585089
0.47798120988986753
0.31255719989708164
0.5694087893047769
0.14948687603431995
0.4326820160695657
0.76424178624282
0.09552640477246048
0.619720676343405
0.7428378850776532
0.6019749630809712
0.38857523380198733
0.5907333409016603
0.7499118230179045
0.852352989400772
-0.00000024184227463151107
-0.000007627429750935184
-0.000014391835547800033
-0.000009751710606990037
-0.00004164411675113622
-0.0001552236660905153
-0.0014295073758592446
-0.00021253225787942471
-0.0008983812670342573
-0.004027974407294688
-0.0009232307095812294
-0.00601061349442298
-0.007604327909444266
-0.012362860243936506
-0.019677923347904313
-0.022495168863263387
