0.700296501462042
0.8804790371828027
0.04814195521376274
0.74606451834357
0.007557227227385362
0.14897647108120107
0.3987940947184872
0.5731173949940562
0.7854265021263219
0.1352933608718577
0.6158109595054334
0.8279166823927254
0.7594925152787043
0.05992527078453874
0.03417317504322274
0.9447534360350685
0.28213802081852996
0.19504087367983744
0.7962372700230148
0.7610567003255335
0.919166920899663
0.20172087649459466
0.4190450086138742
0.06543889025968022
0.16634303431647218
0.8302042323072945
0.49686528758700876
0.1348149182234496
0.04460065423017019
0.04794926173355046
0.3392305034324709
0.7640293923736858
0.6259139192328201
0.2238546455623176
0.9161139427272635
0.3247650930882866
0.397209494809552
0.3396621665070699
0.2984973815146551
0.424800900825048
0.5366236521536947
0.07054308232647866
0.6349441011842507
0.3530933475444397
0.7312241814448124
0.2925660667816387
0.48291086546109485
0.3023922404310767
0.29017462005863875
0.7716947118170753
0.7109766835396336
0.03818676201351461
0.9697826517487189
0.37196441142576653
0.3744248944614913
0.9096545023892817
0.5571009294676417
0.6608942645238001
0.7178791265086778
0.5386712581611398
0.05362408111252369
0.08081085883518495
0.26761820117526475
0.38356822799352974
0.33984650507227926
0.10331238417311998
0.14006083584609128
0.18453951268943986
0.37985358838413325
0.720693263425633
0.4775913624013603
0.31211405212401716
0.5692732220854465
0.14926819988803508
0.43233863624952407
0.7638513216873837
0.0953713943128055
0.6194708084662361
0.742445324538346
0.6015287253577738
0.3884421698242819
0.5905186872137104
0.749574775342426
0.8519697438207422
-0.00000024797439568228236
-0.000007793553738363747
-0.00001469724791876229
-0.000009960634260145228
-0.000042521534367892636
-0.00015841370529358467
-0.0014579133709595774
-0.00021669706418989964
-0.0009165817717467739
-0.004110119500329178
-0.0009419478791948168
-0.006134321089184139
-0.007763441017430513
-0.012619276493093199
-0.02008086026484333
-0.02295313245160227
