0.7002964786653385
0.8804786014550005
0.04814008447132656
0.7460637387626254
0.007550450683384112
0.14895695103688844
0.39879405456233696
0.5731167321399561
0.7854252848015609
0.13529197517901745
0.615807196302365
0.8279062166010102
0.7594924842606592
0.059923575866159436
0.034170334602653604
0.9447526835877513
0.28213231943965184
0.19501808220570535
0.7962372389421839
0.7610560269911172
0.9191657231804703
0.20171913390515606
0.41903919749257945
0.06540918823339753
0.16628671107354986
0.830195995519201
0.49682922108767447
0.13465183149006846
0.044563541798750494
0.0477035991232163
0.33917425711530225
0.7640211683508323
0.62587791017526
0.22369178334364526
0.9160768887731812
0.32451978170030454
0.3971533946791317
0.33965396520044905
0.29846147762021297
0.4246384548890255
0.5365867064746723
0.07029842837357059
0.6348878880319309
0.3530851263573726
0.7311881747869524
0.29240329458568304
0.48287382086549213
0.30214702550025485
0.29011882531317223
0.7716865569163918
0.7109409581136359
0.038025221408104014
0.9697458975385637
0.3717210429326168
0.37436976974802144
0.9096464566860852
0.5570656401798433
0.6607347405446288
0.717842823782673
0.5384308219902316
0.053341162233329444
0.08035313072346402
0.26690098237603244
0.3827480621059602
0.33953779186358435
0.10281305930278288
0.13927822728587752
0.18364474154944802
0.37954905340385486
0.7202006750856114
0.4768193530678931
0.31123137362876047
0.5690050654094391
0.148834161082015
0.43165872966114854
0.7630736580100906
0.09506474120468934
0.6189747950602787
0.7416679416791486
0.6006398904172385
0.38817898406809576
0.5900926642104346
0.7489074558536972
0.8512065137254174
-0.00000025767925910915727
-0.000008104093712801764
-0.00001527607245591739
-0.000010361176679724202
-0.00004420656690837973
-0.00016474183768349816
-0.0015142452048566763
-0.0002249348906278866
-0.000952652749936621
-0.004273229445746534
-0.000979065572871537
-0.006380019154436707
-0.008078209403893172
-0.013128287818622563
-0.020878786843182142
-0.023865309349943773
