0.7002970220845344
0.8804886966934715
0.048184697760439106
0.7460817577211261
0.0077095734116477705
0.1494101139101226
0.39879501459690614
0.5731321677655105
0.7854539224550956
0.13532417889798248
0.6158952581361844
0.8281485739651221
0.7594932328526396
0.059962735502867265
0.03423629055356818
0.9447701093184908
0.282265842589074
0.19554909570538448
0.7962379480579619
0.7610717281054764
0.9191938933907008
0.20175914295835184
0.41917407960581354
0.06609620967648468
0.16762750056060535
0.8303948408905717
0.49767446277824506
0.13844682419945978
0.04543233480735008
0.053375186423534525
0.3405132259775997
0.7642197078534845
0.6267218221809651
0.22748158210476369
0.9169443263525451
0.3301833306752356
0.398488873606214
0.33985195609097324
0.29930294103848365
0.4284185279419067
0.5374516211356594
0.07594681157948176
0.6362261134795498
0.3532836040556823
0.7320320593856053
0.2961911113713945
0.48374107164170604
0.3078085227224494
0.2914470532600961
0.7718834318548223
0.7117782554708101
0.041784261944009485
0.9706063456578604
0.3773398200073157
0.3756822745364566
0.9098407400589644
0.557892885342991
0.6644475016960538
0.7186928736879795
0.543982884844483
0.05981182519407755
0.0908581740738841
0.28358572719843783
0.4018133131624479
0.3465953339527234
0.11426765502198998
0.1574759913436175
0.20443528854897317
0.38651162156388064
0.7315016440334006
0.49477210528431825
0.3317425245569254
0.5751466832808652
0.15880955003543507
0.4474979261821996
0.7811762686191516
0.10207561612808351
0.6303541464270414
0.7597453548503977
0.6212937397161966
0.3942139573589823
0.5998955549340459
0.764472148542735
0.8689945090598363
-0.00000002869839211425978
-0.0000008906589096501108
-0.0000016685539475477122
-0.00000116400975595963
-0.000004869425378147896
-0.00001824980491403946
-0.00017324821670029885
-0.000026064550652273013
-0.00010731201763340692
-0.00047768868531626433
-0.00011015198443929633
-0.0007076200133456929
-0.0008823485532137174
-0.0014517513600435766
-0.002325252427315871
-0.002670573785924782
