0.7002964679790593
0.880478394792906
0.04813912124971101
0.7460633627468214
0.0075470892250296615
0.14894721537859443
0.398794035332491
0.5731164145880238
0.7854246854542655
0.13529129175455418
0.615805354489007
0.8279010341269429
0.7594924695195212
0.059922765142607665
0.03416892715037196
0.9447523188993889
0.2821295026524993
0.19500666217772794
0.7962372246955958
0.7610557031022424
0.9191651400256984
0.2017182843759262
0.4190363496543068
0.06539430050348967
0.16625880600588538
0.8301919179661288
0.4968113083772067
0.13457092096434442
0.044545116465381736
0.047581555419642596
0.3391463887009493
0.7640170969005888
0.6258600249414921
0.22361097999647372
0.9160584914069947
0.32439790585221884
0.3971255995540859
0.3396499050096966
0.2984436443532264
0.4245578606809999
0.5365683627178679
0.07017688072721293
0.6348600358428607
0.3530810563289439
0.7311702912504079
0.29232253575328443
0.4828554282935113
0.30202519856880855
0.29009117752950314
0.771682519164843
0.7109232115036613
0.03794506562111917
0.9697276463027508
0.3716001185384545
0.3743424558977083
0.9096424733740845
0.5570481114741499
0.6606555925384617
0.7178247976887137
0.5383113639210435
0.05320054923405255
0.08012526098236485
0.26654334917462663
0.3823422647904922
0.33938435568117004
0.10256447410841908
0.13888798712581127
0.18320201984153872
0.3793976942895418
0.7199554450179335
0.4764343977886542
0.31079463680616115
0.5688718025653249
0.14861810529366923
0.43131972953672737
0.7626889287618757
0.09491232906836569
0.6187278592109899
0.7412803060747898
0.6002001073901869
0.3880482015570281
0.5898806160304573
0.7485747560209363
0.8508289536104154
-0.00000026219506583221183
-0.000008251993772599001
-0.000015560132976080607
-0.000010554345376434553
-0.00004502749105177439
-0.00016787276973605716
-0.0015421542098877754
-0.00022901292843031942
-0.000970567604746225
-0.0043541506398080704
-0.0009974933752512542
-0.006502079382423582
-0.00823465460370416
-0.013381695383176333
-0.021276659200778196
-0.024316642874415866
