0.7002964575736682
0.8804781883345296
0.048138176194391966
0.746062991647406
0.007543623665183724
0.14893749254242972
0.39879401671950954
0.5731160935483252
0.7854240884030801
0.13529064074996336
0.6158034575823713
0.827895863912374
0.7594924542005121
0.05992195935862798
0.034167599460833614
0.9447519482380204
0.28212666037331174
0.19499536525005876
0.7962372103510403
0.7610553672990865
0.9191645409544066
0.2017174485107214
0.41903346280100434
0.06537966817417401
0.16623069998924866
0.8301878194282653
0.4967933194901516
0.13448934604508228
0.04452658610376595
0.047458636399927125
0.3391183197015624
0.7640130044726239
0.6258420637733717
0.22352951309441343
0.9160399892841843
0.3242751566644862
0.39709760074855366
0.339645823404724
0.29842573321907956
0.4244765946307196
0.536549912066841
0.07005444756690248
0.6348319821064712
0.35307696512160813
0.7311523299953577
0.292241110659269
0.4828369296910057
0.30190249108824546
0.29006333734355294
0.7716784615408883
0.7109053921613466
0.037864270911588
0.9697092947323952
0.37147835222444037
0.3743149424406848
0.9096384691483028
0.5570305046077438
0.660575785846108
0.7178066663323294
0.5381910314431846
0.053059078278188086
0.07989721749815361
0.26618457407680374
0.3819313541401125
0.3392299819700728
0.10231570317420507
0.13849649274307677
0.18275371322919168
0.3792454106856349
0.7197100309653472
0.4760482072869186
0.3103523927106269
0.5687377339872517
0.14840189130150302
0.4309796678145519
0.7622993691018994
0.0947589860696562
0.6184807385011194
0.7408914265638764
0.5997547783726879
0.3879166378992762
0.5896684254261664
0.7482410393106858
0.8504466829458392
-0.0000002664216660747167
-0.000008400752554263915
-0.00001583897751404253
-0.000010743083938702853
-0.00004587005620434083
-0.00017100163076296185
-0.0015702642105873542
-0.00023311188581382787
-0.0009885582461267395
-0.004435736051754508
-0.0010160260027025983
-0.00662501420725702
-0.008392055501298437
-0.01363528785944655
-0.021675812820735267
-0.024773670487979814
