0.7002964473210656
0.8804779729317584
0.04813725897920581
0.7460626215263523
0.0075403082622619655
0.14892777816868144
0.3987939976591371
0.5731157608765146
0.785423482188096
0.13528997504453136
0.6158016143353822
0.8278906829476657
0.7594924394951742
0.05992109577127294
0.03416617796803032
0.944751590714142
0.28212384164171256
0.19498392124494937
0.7962371975533364
0.7610550384762268
0.9191639586384746
0.20171662778531252
0.4190306340251362
0.06536484638258339
0.16620279117166584
0.8301837422995045
0.49677539177956653
0.13440820459783084
0.044508140347151115
0.04733625406453912
0.33909044996355087
0.7640089338838509
0.6258241652490517
0.22344848657283956
0.9160215733133836
0.3241529534400524
0.39706980218819116
0.3396417639375853
0.2984078867441713
0.4243957714624302
0.5365315495090657
0.06993256813210766
0.6348041248512125
0.3530728951702163
0.7311344288695901
0.2921601173615279
0.4828185147380926
0.3017803161976867
0.29003568484542636
0.7716744239884819
0.710887628594485
0.037783882760193434
0.9696910220755349
0.371357084801068
0.3742876231253134
0.9096344856921393
0.5570129568425569
0.660496405212999
0.7177886174749973
0.5380712264093306
0.05291699303663726
0.07966973998145611
0.26582530886733674
0.3815250338783565
0.33907493289555796
0.10206754881058154
0.13810444849577275
0.18231040982887273
0.3790924616306413
0.7194652245247746
0.4756614765272227
0.3099150840992779
0.568603092555691
0.1481862287962062
0.4306391689627774
0.7619141894633552
0.09460497308503335
0.6182342297082416
0.7405020039398891
0.5993144184040531
0.38778451655585533
0.5894567823041963
0.7479069051483954
0.8500687241965645
-0.00000027040941791025676
-0.000008556040246059629
-0.000016124851234723246
-0.000010927759375618065
-0.00004668558596808704
-0.00017412293886569937
-0.0015981768186184766
-0.00023718942963161697
-0.0010064875023900774
-0.0045168877161412616
-0.0010344738152257232
-0.0067474113642346885
-0.008550145440754445
-0.013888248821720918
-0.022075530225120092
-0.025225594504608023
