0.7002964364956809
0.8804777698721192
0.048136311031722404
0.7460622346463095
0.0075368647353409495
0.1489179187902706
0.39879397844303954
0.5731154474646131
0.7854228889966565
0.13528928763682016
0.6157997389685858
0.8278854937329508
0.7594924256285022
0.059920303776538945
0.03416482607101431
0.9447512336847501
0.2821210480352988
0.194972586116747
0.7962371840139092
0.7610547224321967
0.9191633771840264
0.2017157717547772
0.41902775261889236
0.06534999839945518
0.16617481017130922
0.8301796534106357
0.4967574024732943
0.13432670205418962
0.0444896460393115
0.0472133682840233
0.3390625043647056
0.764004850875605
0.625806202679467
0.22336708778727254
0.9160031061784607
0.3240302311285037
0.3970419284180739
0.339637692219253
0.29838997563297487
0.4243145806211411
0.5365131351342072
0.06981017033538406
0.6347761975828943
0.35306881387266054
0.7311164678372132
0.29207877001102783
0.4828000528365539
0.3016576481720193
0.29000796519931754
0.7716703757345768
0.7108698068507
0.03770315299980742
0.969672703757466
0.37123533779396123
0.3742602337949331
0.9096304912018013
0.5569953491307357
0.6604166768846804
0.7177705210225043
0.5379509310125826
0.05277386829769724
0.07944028332180574
0.2654676179313037
0.38111546597959894
0.33891874432978536
0.10181723008711367
0.13771412113810302
0.18186355044454572
0.37893838978993966
0.719218284428177
0.4752764400654947
0.30947427043004166
0.5684674754333565
0.14796870150311334
0.4303001780830804
0.7615259561338201
0.09444982906815537
0.6179855718273023
0.7401142857774742
0.5988705285370387
0.3876514479052603
0.589243325069035
0.747574273917692
0.8496877939711893
-0.0000002744371870898967
-0.000008698782371192892
-0.000016403655707707354
-0.000011120582744114211
-0.00004751614743909758
-0.00017725806718537756
-0.0016261615286252298
-0.0002412787586758355
-0.0010244784052881079
-0.004598400556178794
-0.0010529701385093954
-0.00687031196350464
-0.008709398984689911
-0.01414341681183955
-0.022473493919414424
-0.025681146433995963
