0.7002964250515966
0.8804775582261474
0.04813535215077088
0.7460618445638277
0.007533422028692316
0.14890815998466467
0.39879395773172904
0.5731151226553121
0.7854222791906088
0.13528858379408942
0.6157978365813954
0.8278802741208534
0.759492409812889
0.0599194842111553
0.03416343846473925
0.9447508586554131
0.2821182127191781
0.1949612556208384
0.796237168840052
0.7610543920859483
0.9191627856863394
0.20171491081700005
0.41902486191853605
0.06533523559662671
0.1661468639802565
0.8301755670133093
0.49673940742587597
0.13424518491333767
0.044471150033475126
0.047090431332111514
0.33903459545395837
0.7640007706699219
0.6257882356069251
0.22328568010273508
0.9159846386925266
0.32390746566665557
0.3970140926917938
0.33963362325262925
0.2983720607110267
0.42423338227289753
0.5364947215574094
0.06968773469227978
0.634748305934293
0.3530647353078783
0.7310985024050839
0.2919974111836819
0.48278159028182
0.30153493463427056
0.28998028245738133
0.7716663302743322
0.7108519824834681
0.03762241402668696
0.9696543865432323
0.37111355371083804
0.3742328791275885
0.9096264994576018
0.556977739224146
0.660336935727085
0.7177524252821639
0.5378305948378461
0.052629931262990697
0.07921108573543649
0.2651090281072672
0.3807067358377892
0.33876166615418885
0.10156718044972737
0.1373228017689842
0.18141759213090486
0.37878344113454465
0.7189716125754054
0.474890427390049
0.30903434813603
0.5683310964724607
0.14775143944202956
0.4299603557780431
0.7611385424025284
0.09429380171120065
0.6177371838812942
0.7397255843341818
0.5984275362258195
0.3875176400519922
0.5890301421144654
0.7472408458932788
0.8493076885094017
-0.00000027942659925298466
-0.000008850522291425141
-0.000016690746770609584
-0.000011320503859894832
-0.0000483596475316308
-0.00018040363093048327
-0.0016541121164243672
-0.00024536571468162914
-0.0010424757135752952
-0.0046799299227048355
-0.0010714687992994091
-0.006993267071081655
-0.008869559625203338
-0.014398316677786311
-0.022872470405154072
-0.026135782376613317
