0.700296415085143
0.8804773528674595
0.0481344603761346
0.7460614834395104
0.007530080962624513
0.14889854161587487
0.3987939387745427
0.5731148043186057
0.7854216966994122
0.1352879264254485
0.6157959959487013
0.8278751399689089
0.7594923952654821
0.059918674716175666
0.03416210705711722
0.9447505030764726
0.28211540924026307
0.1949497805760221
0.7962371555636301
0.7610540643128856
0.9191622009681393
0.2017141128706819
0.4190220312188908
0.06532070346645202
0.166118921561891
0.8301714949947906
0.49672143982253675
0.13416366261588675
0.04445266394182185
0.04696742542904658
0.33900668972675174
0.7639967047731874
0.6257702953991398
0.22320426632629023
0.9159661804492176
0.32378462874245645
0.39698625479728533
0.33962956781136716
0.2983541695440927
0.4241521632877304
0.5364763135702514
0.0695652062980641
0.6347204141584246
0.35306067042247063
0.7310805614250372
0.29191603557200274
0.4827631347008798
0.3014121345138966
0.2899525962060982
0.7716622977504615
0.7108341790388586
0.03754164880381124
0.9696360730594896
0.3709916666480787
0.3742055196102261
0.9096225200758953
0.5569601473887861
0.6602571638590028
0.7177343311919544
0.5377101464793017
0.052487005847124193
0.07898188090652825
0.26475062139766925
0.38029674865833374
0.338605694143863
0.10131712711040393
0.13693168993318755
0.18097026224815818
0.3786295829425099
0.7187249360080671
0.47450461752948564
0.3085930725224657
0.5681956823909227
0.1475341777925545
0.42962072149049213
0.76074995922099
0.09413887254598031
0.6174887910346906
0.7393370867711418
0.5979831808974886
0.38738478494389705
0.5888169692734638
0.7469076200732139
0.848926457230225
-0.00000028337598676948336
-0.000008997411807640885
-0.000016963120856894374
-0.000011503202668888467
-0.00004917542070102926
-0.00018349800204374756
-0.0016820582950678581
-0.00024943813540144184
-0.0010604448338382224
-0.0047614624147207015
-0.0010899568928499676
-0.0071162877471998036
-0.009028589545649822
-0.014653214243207459
-0.02327122758386039
-0.026591813129504854
