0.7002964050445788
0.8804771391045318
0.04813355517893855
0.7460611123451145
0.007526801574096102
0.14888895543933758
0.3987939195889897
0.5731144783167561
0.7854211082672996
0.13528723302158369
0.6157941685612255
0.8278699849010791
0.7594923805397187
0.05991782801145692
0.03416070673164936
0.9447501404335104
0.2821125748182914
0.19493817679644546
0.7962371421036323
0.761053726632327
0.9191616055209894
0.2017132772629973
0.41901921481306004
0.0653060084050195
0.1660911484230775
0.830167458352299
0.4967035672133915
0.1340826687102407
0.044434253692115476
0.04684501638003244
0.338978955354008
0.763992674414282
0.6257524512444191
0.22312338555361896
0.9159477996033559
0.3236623967373716
0.3969585915928845
0.33962554813626733
0.29833637523531775
0.4240714850847425
0.5364579848399378
0.06944329348868677
0.6346926940370604
0.3530566410453432
0.731062716783053
0.29183519312306005
0.482744756722031
0.30128994104319495
0.28992507938646883
0.7716583001317264
0.7108164693548925
0.03746140866926154
0.9696178355265769
0.3708703737826665
0.37417833508183457
0.9096185765039878
0.5569426540733562
0.6601779339489271
0.7177163179264566
0.5375903212154647
0.05234601787610648
0.07875397978792022
0.264391771083584
0.37989030268520146
0.3384518357244983
0.10106849047738044
0.13654007290508002
0.18052677954203328
0.37847780932534586
0.7184796579067164
0.4741183129147484
0.3081555948892377
0.5680621153763797
0.1473181672066816
0.42928070030079307
0.7603647622899762
0.09398604245470854
0.6172418058277532
0.7389480910068688
0.5975426499208483
0.3872537476639812
0.5886050345296575
0.7465740304409751
0.848548566144642
-0.0000002873982286478751
-0.000009150973891346381
-0.000017245648228055985
-0.00001169378681438017
-0.000049989445614372705
-0.0001866199926810312
-0.001709835436096353
-0.00025347514684319133
-0.0010783189995128765
-0.0048424665546569065
-0.0011083693429045172
-0.007238712198691245
-0.009185463645486036
-0.014906667770930512
-0.023670507433209503
-0.027043925597752243
