0.7002963933536788
0.8804769223657859
0.048132565702307194
0.7460607280534565
0.007523385240444201
0.1488792442392562
0.39879389811311994
0.573114150833208
0.7854204920486885
0.1352865291616348
0.6157922840620701
0.8278647878973413
0.7594923647023266
0.05991699052990554
0.03415924569949112
0.9447497631785685
0.2821097143803071
0.19492667777123326
0.7962371272303469
0.7610533966646956
0.9191610051414396
0.20171244510531575
0.41901636412736704
0.06529128610219086
0.16606318263898348
0.8301633955878129
0.4966855609310294
0.13400103543606146
0.044415698960041106
0.04672160743789836
0.33895102747322936
0.7639886178730199
0.6257344729917251
0.22304186359358025
0.9159292737026999
0.32353916153317785
0.3969307413809973
0.3396215034637869
0.2983184513322024
0.42399018645672537
0.5364395156524557
0.06932040641788122
0.6346647823014525
0.3530525857933371
0.7310447392276345
0.29175371509200304
0.4827262350235363
0.3011667524306365
0.28989737812837796
0.7716542777860856
0.7107986316650095
0.03738055445277744
0.9695994595330969
0.3707481177711539
0.37415096132059245
0.9096146073878435
0.556925029682104
0.6600980762217835
0.7176981630930309
0.5374695132790653
0.0522037072663158
0.07852477408502934
0.26402925347122325
0.3794810900120566
0.3382965266105617
0.10081842291106283
0.1361444435340427
0.18008026389262283
0.37832460632359793
0.7182329698268013
0.47372805276028296
0.30771512835548764
0.5679273031610125
0.1471009340537927
0.4289372228398741
0.7599769681969449
0.09383177308790852
0.6169934008352105
0.7385551119462735
0.5970991092655799
0.38712149588099787
0.5883919129674949
0.7462370701859304
0.8481681499326099
-0.00000029238681143074676
-0.000009304461539764802
-0.00001754382383640812
-0.000011890886148592915
-0.00005083007166386932
-0.00018976261554690653
-0.0017378058067183302
-0.0002575384382136314
-0.0010963274705020204
-0.0049241121437797065
-0.0011269268013030884
-0.007362139667404053
-0.009343818864938225
-0.015161581983019303
-0.024073879300239975
-0.027499133143635366
