0.7002963821490877
0.8804767083111312
0.04813160141458543
0.7460603300552276
0.007519904848466255
0.14886907056207768
0.3987938786695895
0.5731138303098923
0.78541988805102
0.13528584147443593
0.6157903902747958
0.8278594083051539
0.7594923496779776
0.05991616290425744
0.03415784205362723
0.9447493859795676
0.28210683176187573
0.19491498247180608
0.7962371118080486
0.7610530596701169
0.9191604016770295
0.20171155018567427
0.4190133699469917
0.06527575106280357
0.16603505371080282
0.8301593063449175
0.49666749750198164
0.1339187195383258
0.04439707075632231
0.046597464495680155
0.33892293607703955
0.7639845348715811
0.6257164377430744
0.222959658790721
0.9159106742042463
0.32341519225502424
0.39690272412184974
0.3396174318792724
0.2983004690670499
0.4239081953633021
0.5364209709321454
0.06919677317660548
0.6346367092247748
0.35304850441576147
0.7310267059062828
0.2916715606548274
0.4827076411743426
0.30104283845826224
0.289869518274269
0.7716502300245269
0.7107807419638071
0.03729903515085793
0.9695810141475186
0.3706251556977859
0.37412344993757374
0.9096106160673382
0.5569073675021549
0.6600176165453893
0.7176799536337521
0.5373480943887727
0.05205930147699396
0.07829641224305904
0.2636670264628681
0.37906685521762834
0.33813892273592483
0.10056926165528147
0.1357491167166589
0.1796282575861136
0.3781691412348107
0.7179871781387961
0.47333809315124425
0.30726924688204793
0.5677905210533595
0.14688452873040403
0.428594058725557
0.7595844527484478
0.09367522563375286
0.6167458985916039
0.7381624352638305
0.5966501149955655
0.38698732147223924
0.588179617727411
0.7459004388404179
0.8477831259409753
-0.0000002969309706124835
-0.00000945650560100459
-0.000017834036749988702
-0.000012093532011826262
-0.00005169006407106914
-0.00019304389536417508
-0.0017659387446899086
-0.0002616281682526435
-0.0011143929414115245
-0.005006439185150843
-0.0011455573895592958
-0.007486299401371076
-0.0095045178400054
-0.015415580535951153
-0.024476949629147822
-0.027959942072960507
