0.7002963705929799
0.8804764950232284
0.04813066599705615
0.7460599317107683
0.007516489410949576
0.1488594404591405
0.39879385871344514
0.5731134989454241
0.7854192846201314
0.13528513534478095
0.6157884927748739
0.8278542076659944
0.7594923336058645
0.05991533055097288
0.03415646850516321
0.9447490065765949
0.28210400937122315
0.1949038039315132
0.7962370958063653
0.7610527254923377
0.9191598123958109
0.2017106620793822
0.41901048313872213
0.0652612268742516
0.16600706742345248
0.8301552452734885
0.49664944193945254
0.13383682613839284
0.04437847864402718
0.046473582360179136
0.33889498724883066
0.7639804800987549
0.625698410916212
0.22287787654645322
0.9158921111313362
0.3232914850802106
0.396874845621503
0.3396133881368068
0.29828249369425197
0.4238266175520477
0.5364024603297
0.06907338863228017
0.6346087786411136
0.3530444512421517
0.7310086806586663
0.2915898288727995
0.4826890834728239
0.30091918569270854
0.28984179374990543
0.7716462095245108
0.7107628566927954
0.037217919150280936
0.9695626004590274
0.37050242711109815
0.37409604759751525
0.9096066480234244
0.5568896937412392
0.6599374825617994
0.7176617589295264
0.5372267970739968
0.05191642132527621
0.07806499604963292
0.26330575911932086
0.37865491071634816
0.3379829822964006
0.10031676687114119
0.13535484157468786
0.17917875325938806
0.3780153177351076
0.7177380988578365
0.47294917113940366
0.30682583433740523
0.5676551861553978
0.14666523115327604
0.4282518041413092
0.7591941081468849
0.09352033106202079
0.6164950855039765
0.7377708023815792
0.596203605737218
0.38685457479761776
0.5879644978014387
0.745564719676973
0.8474002558774228
-0.0000003021002012149491
-0.000009611202527923704
-0.00001811814504626679
-0.000012298215750783358
-0.00005253165117189088
-0.00019615990913359336
-0.001793929636579803
-0.00026568980795307234
-0.0011324508697608312
-0.005088345244524034
-0.0011641523391779215
-0.0076102005329723955
-0.009663518924534594
-0.015672973189404645
-0.024878938443902956
-0.0284181911656833
