0.33419850770362136
0.7657919973931859
0.0782405911860768
0.08498598120664314
0.07708077482917994
0.40507741888012766
0.8656522911536287
0.9464627451482536
0.6294366748493228
0.8610258141790834
0.5505382867107703
0.9423783891202412
0.16547109167228874
0.9213241783871992
0.12713388604075546
0.4723967482740041
0.08077496406522669
0.6889597662646025
0.2527618378680865
0.6139614842256161
0.5224614037366992
0.5242494929131475
0.7932079867017199
0.8929678876944662
0.5126521456693528
0.5914626830391635
0.7564991138353854
0.6037682114263166
0.8150015310410103
0.34481489759275213
0.385379483462697
0.8481216944890225
0.33708921079934967
0.38787623081699346
0.6769593024260818
0.1670937792162816
0.6453408523226496
0.2083033212670177
0.15893322699258733
0.4251594330596808
0.28370475910366133
0.9269261658329034
1.1760565180781493
0.5933804103578145
0.6241099628810381
0.9009215821585433
0.42730730880927587
0.9665299016092116
0.5209901037645076
1.0963723176598337
1.1013457454138942
1.0938793397048392
0.28716924259413357
1.01562840158435
0.456791805751085
0.671811294501683
0.847456129362678
0.2078292618993022
0.9638706537305872
0.7425110865988103
1.7461338667147335
1.6579420269321408
1.657550125131582
2.1567501797236712
1.7302967345493925
1.4762854156415617
2.1436432544544686
1.976058820599502
1.5578772722978693
2.0138454390090184
1.334814176527624
1.5391894321887774
1.3876715089588008
1.9422675791457231
1.6136931211771917
1.6848514531276382
1.7674053892079031
1.7703504568051416
1.290511185938968
1.5241452067719359
1.4773595465816074
2.063291000807314
1.4276882557457828
1.5278725852232728
0.00663963242584547
0.00007451179351056381
0.0046474779262867
0.002059793341731441
0.006117316837089606
0.00014327792836785924
0.23147822769076987
0.15431144972814925
0.1436257568503001
0.20590168887687813
0.22800900379591452
0.09622383717349538
1.2179093894135304
1.1736431205719482
1.29296351453771
1.5432330002066674
