0.7002963612580589
0.8804762974826845
0.04812977274210657
0.746059558664283
0.007513161758579257
0.14884961675454966
0.39879384221488084
0.5731131958586805
0.785418717247776
0.13528448899041726
0.6157866717750355
0.8278489771685371
0.7594923213905822
0.05991453392035046
0.03415514803229885
0.9447486566714507
0.28210123949307025
0.19489225563408327
0.7962370830034834
0.7610524044349802
0.9191592397919406
0.2017098118277097
0.41900761070277776
0.06524612314180414
0.1659792144355944
0.8301512122696912
0.49663148465382845
0.13375527383409208
0.044359971693476344
0.04635016292041789
0.3388671694467109
0.7639764529373029
0.6256804800623581
0.22279642880733225
0.9158736310427725
0.3231682292974765
0.39684709511100374
0.33960937141667397
0.2982646115238507
0.42374536490703274
0.5363840302111573
0.06895044077646648
0.6345809777195599
0.35304042549916864
0.7309907510442983
0.2915084274303369
0.482670608226424
0.30079597969408794
0.2898141941672048
0.771642215543249
0.7107450627948345
0.037137119815984984
0.9695442652457649
0.37038012372066953
0.37406878712808594
0.9096027089241844
0.5568721217226577
0.6598577172419698
0.7176436534893522
0.537106001462098
0.0517746788224976
0.07783498966736092
0.26294527712735044
0.3782445179264327
0.33782828290315736
0.10006581513011799
0.13496141925865016
0.17873094103352713
0.37786271788807846
0.7174905400107949
0.4725610897441802
0.3063840895844514
0.5675209429890358
0.14644728493970932
0.4279103285558846
0.7588052686284129
0.09336666863395911
0.6162458028174236
0.7373800161279666
0.5957587756816612
0.38672290508000534
0.5877507133784854
0.7452297808959293
0.8470188787182448
-0.00000030521610304478795
-0.00000975109563505804
-0.000018384503615366368
-0.000012483972869850512
-0.00005334114356232877
-0.0001993190771593782
-0.001821785633672755
-0.0002697231080207358
-0.0011504092840133194
-0.00516990568901224
-0.001182660812061182
-0.0077336319167225324
-0.009821254496366536
-0.015928787940335924
-0.025280058589800695
-0.02887471259907048
