0.7002963496986405
0.8804760715882817
0.048128742787446104
0.746059195180771
0.007509684076181001
0.14883995867789915
0.3987938222836531
0.5731128520188102
0.7854180762729744
0.13528385275176658
0.6157847718046205
0.82784378002543
0.7594923051736585
0.05991365271124599
0.03415365742607011
0.944748293038859
0.2820983044342135
0.19488067217277302
0.7962370683659019
0.761052060882506
0.9191586255013978
0.20170901148763373
0.4190047662553594
0.06523160207723559
0.165951293163774
0.8301471620096409
0.4966134449678231
0.13367335812214626
0.04434139089424568
0.04622621813837203
0.33883928807978925
0.7639724091856838
0.625662470155658
0.22271463055638774
0.9158550808086993
0.32304446896994377
0.3968192931256941
0.3396053399177296
0.2982466577652934
0.42366379694923995
0.5363655383186418
0.0688270393475355
0.6345531068107718
0.35303638232538787
0.7309727384380603
0.29142665793777617
0.4826520584146595
0.30067224188590325
0.28978654009668026
0.7716382063691942
0.7107271957835405
0.03705599654759654
0.9695258666521142
0.3702573545225669
0.3740414539581504
0.9095987518168663
0.5568544657347588
0.6597775739086523
0.7176254733126245
0.5369846629737954
0.05163096342842078
0.07760387917127516
0.2625837224216082
0.37783293743064367
0.33767142675787315
0.09981364492462456
0.1345668092470192
0.17828181201038062
0.37770799160501767
0.7172417822673306
0.47217184063369116
0.30594105041450603
0.5673848344290339
0.14622830658025832
0.4275678546667126
0.7584153263311652
0.09321086520334235
0.6159953136205768
0.7369880551982182
0.5953126442925695
0.3865894132415649
0.5875359292687484
0.7448938820383605
0.8466364421219145
-0.00000031024773350988006
-0.000009912820657939297
-0.00001869319725221729
-0.000012669865253310209
-0.00005419539844424227
-0.00020245999871110727
-0.0018497113270829707
-0.0002737739013006402
-0.001168451410916629
-0.005251833363959219
-0.0012012444737421856
-0.007857595388600673
-0.009981188434816117
-0.01618585030245857
-0.025682394380891232
-0.02933258333052619
