0.7002963388332747
0.8804758509170083
0.04812780443861731
0.7460588165743121
0.007506352931814769
0.14883011126706674
0.3987938031251079
0.573112512708933
0.7854174628516531
0.13528319219768603
0.615782906854317
0.8278384795168234
0.759492289234068
0.059912784295686264
0.03415221847687969
0.9447479208849109
0.28209541757483475
0.1948690102417701
0.7962370539582525
0.7610517195973803
0.9191580276299456
0.2017081415526471
0.4190018725802283
0.0652164306947585
0.16592332431948817
0.830143099753282
0.49659536240274116
0.13359111411585903
0.044322776923915036
0.04610186667693775
0.3388113587032498
0.763968353460356
0.6256444174841742
0.22263250329697146
0.9158364973698299
0.32292030128942834
0.3967914361068956
0.3396012954319599
0.29822865777314805
0.423581879829136
0.5363470090027164
0.06870320368966112
0.6345251909504199
0.3530323274772949
0.7309546844285106
0.2913445676306026
0.4826334770788985
0.30054810883347727
0.2897588307143536
0.7716341842217058
0.7107092821919424
0.03697452517851707
0.969507430101738
0.3701341510553904
0.3740140856296685
0.9095947850228714
0.5568367757314651
0.6596971463687187
0.7176072683347025
0.5368629796663901
0.05148552566306406
0.0773724040791162
0.2622219053587263
0.3774197463542467
0.3375126864337809
0.09956107205973924
0.13417190144268842
0.17783092028431416
0.3775514071372944
0.7169926277800027
0.4717822993178635
0.3054962725813716
0.5672471095130313
0.14600900083713772
0.42722516496439006
0.7580238909728362
0.0930531903836476
0.6157444244732106
0.7365957992657994
0.5948647599043284
0.3864543434407274
0.5873208346864993
0.7445577899125377
0.8462525603643154
-0.0000003148684941907042
-0.000010072696638213454
-0.000018985201592822858
-0.000012863836576174325
-0.000055031114017006315
-0.00020567187191091645
-0.0018776843433083263
-0.0002778366414561686
-0.0011865360550616568
-0.005334088716975219
-0.001219860978544339
-0.007981964103657854
-0.010143045263720413
-0.016443323111922876
-0.02608503713438938
-0.029792249436936077
