0.7002963278159997
0.8804756354669364
0.04812684068554992
0.7460584373917558
0.00750294839635901
0.1488204612903172
0.3987937830458641
0.5731121790722671
0.7854168515990938
0.13528250207010076
0.6157810159710733
0.8278332678032441
0.7594922735690761
0.05991193628982406
0.034150818029420466
0.9447475466498444
0.28209256160584945
0.19485759183353962
0.7962370398261377
0.7610513840888238
0.9191574374745896
0.2017073043770193
0.41899902557657176
0.06520168186141682
0.1658952903649556
0.8301390400322776
0.4965771887314054
0.133508722216116
0.04430407069161277
0.045976956928248436
0.3387833629949512
0.7639643001279817
0.6256262729776912
0.22255022528214166
0.9158178207597605
0.3227955705394174
0.3967635129813328
0.3395972534194763
0.29821056641648785
0.42349981277244636
0.5363283869723686
0.06857880706689579
0.6344972098409623
0.3530282750164882
0.7309365390853629
0.2912623282111607
0.48261480337835216
0.3004234168129475
0.2897310571095657
0.7716301645286437
0.7106912782214004
0.0368929071703131
0.9694889023217304
0.37001039452299317
0.3739866384092321
0.9095908180578778
0.5568189857828985
0.6596165260883129
0.7175889625554734
0.5367406800323505
0.05134100958769744
0.0771380121184097
0.26185735060015675
0.3770061959767891
0.3373549533729287
0.09930531398873094
0.1337740048719421
0.17737963295313294
0.3773958161840988
0.716740332142241
0.4713898105550106
0.30505110602194596
0.567110259577329
0.1457869395509427
0.42687989210134164
0.7576321285220231
0.09289651614492155
0.6154903719126608
0.7362005747277207
0.5944164836157093
0.38632013924452996
0.5871030521409061
0.7442191847597419
0.8458683838485387
-0.000000319383571421007
-0.000010228645839312845
-0.000019275213359941403
-0.000013056811613843772
-0.0000558687587234234
-0.00020881113138964015
-0.0019057224803448298
-0.0002818967947706876
-0.0012047117701653306
-0.00541649158983784
-0.0012385697558617084
-0.008106891080276568
-0.010303871842797319
-0.016704041100911716
-0.026490721673433696
-0.0302523154228145
