0.7002963159388209
0.8804754142927375
0.04812587264771245
0.7460580461958993
0.007499432782366429
0.1488105018881736
0.39879376205433253
0.5731118358973116
0.7854162251508967
0.1352818237381878
0.6157790749406687
0.8278279521545056
0.7594922574101037
0.05991107817126165
0.03414940616666063
0.9447471666757776
0.28208965908194106
0.1948460292638848
0.7962370243682749
0.7610510392023291
0.9191568259934878
0.2017064342433985
0.41899607378767634
0.06518665287189568
0.16586732701699847
0.830134980492813
0.4965590181651572
0.13342637081454697
0.04428537657171227
0.045852103778545185
0.3387554380241629
0.7639602469463187
0.625608131893812
0.2224679878601749
0.915799156495476
0.32267089789528763
0.3967356612221146
0.3395932114821683
0.2981924792559274
0.42341778700617366
0.5363097779434688
0.06845447286940028
0.6344693012106172
0.3530242232609492
0.730918397895679
0.2911801371454176
0.48259614282380936
0.30029878945268496
0.28970336267936514
0.7716261464062208
0.7106732838592591
0.03681135656638733
0.9694703929845585
0.3698867364577645
0.3739592767321561
0.9095868539597816
0.556801209727342
0.659535996447764
0.7175706795396085
0.5366185089114701
0.05119497320257826
0.07690466935826475
0.26149106316910614
0.3765950649138666
0.3371955519069914
0.09905068979091904
0.13337420344137135
0.17693096546212492
0.37723858158422696
0.7164891569106842
0.4709954456381506
0.304608527581854
0.5669719828189748
0.1455658933687145
0.4265330066950456
0.7572426955460875
0.09273818582641304
0.6152374483511485
0.735803460228668
0.5939708134165557
0.3861845467926202
0.5868862791334742
0.7438790222740751
0.845486517964926
-0.0000003244100252565343
-0.000010386864398046832
-0.000019568850420086754
-0.000013257766465798616
-0.00005673662939861159
-0.00021203432765795027
-0.0019336902090139557
-0.00028595688888976846
-0.0012228846579023238
-0.005498855344057366
-0.0012572665491393093
-0.008231762835440899
-0.010466403460550661
-0.016963608481680385
-0.026898353189051295
-0.03070971933767204
