0.7002963052432428
0.880475201126401
0.04812486624246791
0.7460576808759873
0.0074959398790791386
0.1488005710355568
0.398793743445091
0.5731115109455348
0.7854156087599343
0.13528119057416635
0.6157771956571788
0.8278226885626166
0.759492241730048
0.05991024549882111
0.034147999608485226
0.9447468066224358
0.28208675862557336
0.19483438274421502
0.7962370103055978
0.7610507015269619
0.9191562213164918
0.20170562483816076
0.41899317926503377
0.06517163227880775
0.1658395508466567
0.8301309568622321
0.49654105021585787
0.13334443817351585
0.04426686306327068
0.04572815673450863
0.3387276997058722
0.7639562295900361
0.6255901925745578
0.22238616791223909
0.9157806721932346
0.32254712774796346
0.39670799742458734
0.3395892056470312
0.29817459400420243
0.4233361841625717
0.5362913492075908
0.06833104535771622
0.6344415755658751
0.3530202066808874
0.7309004563939332
0.29109835196938894
0.4825776599512024
0.3001750494740406
0.2896758512885192
0.7716221636540479
0.7106554875610346
0.03673021588626235
0.9694520600631757
0.36976396255252575
0.37393209723852927
0.9095829251467054
0.5567836317744578
0.6594558764408848
0.717552572541178
0.5364972223511627
0.05104998206182567
0.07667466459931158
0.26113090197244154
0.3761828165953233
0.33703728841711456
0.09879970924002653
0.13298108512389964
0.17648107338950955
0.37708246962199626
0.7162415751756211
0.47060767279723936
0.3041647416868721
0.5668347083814248
0.14534802323161397
0.42619194932611204
0.7568522294331161
0.092580986565585
0.6149881431026111
0.7354129842891709
0.5935239279016103
0.3860499440001588
0.5866726301875455
0.7435445910541292
0.8451036582094514
-0.0000003289663602270874
-0.000010540744797629874
-0.000019862687110857944
-0.000013442212085242376
-0.00005758590443008187
-0.00021523381782583394
-0.0019614705074490384
-0.00028998102853891177
-0.0012408545366872504
-0.00558079960454477
-0.0012757824495100661
-0.008355726730411118
-0.01062777598869853
-0.017219458139098948
-0.02729917019781158
-0.031168370808862467
