0.7002962938737268
0.8804749866328648
0.048123953500447215
0.7460572936251139
0.0074925343609020196
0.1487907459300117
0.3987937233995771
0.5731111762862028
0.7854150044142081
0.13528052024678544
0.6157752957705217
0.8278174081305423
0.7594922261759304
0.05990940865207586
0.03414664404268195
0.944746433090516
0.2820839320853503
0.19482290322074836
0.7962369956133185
0.7610503658161656
0.919155636481639
0.2017047595356117
0.4189902671469952
0.06515661762222008
0.16581174708409402
0.8301269339354208
0.49652295536960395
0.13326243617495379
0.04424824638710196
0.0456036489315477
0.3386999338061434
0.7639522128885956
0.6255721262622194
0.22230427852744583
0.9157620846844728
0.3224227969013422
0.3966803005823397
0.3395851995764481
0.29815657855918537
0.42325449509697194
0.5362728138504135
0.06820703456092347
0.6344138252559858
0.3530161911961415
0.7308823907090582
0.29101650543424346
0.48255907644415486
0.30005076388511603
0.28964830848485484
0.7716181806349183
0.7106375632898971
0.03664899086025285
0.9694336227120842
0.3696406162175463
0.373904887779382
0.9095789959932237
0.5567659270134702
0.659375674581121
0.7175343626545881
0.5363753712800117
0.05090546239070536
0.07644027098936128
0.26076762486859784
0.3757719093450979
0.3368795414880821
0.09854393136020519
0.1325845599653735
0.17603263862949314
0.37692686684642895
0.7159892633161444
0.4702165408767803
0.3037223947092728
0.5666978844167294
0.1451260082675206
0.4258479597304189
0.756463055999824
0.09242429949209244
0.6147340733596302
0.7350191248488405
0.5930784897216606
0.385915789678219
0.586454932499993
0.7432073059544575
0.8447220890310522
-0.00000033363606428283153
-0.000010695057933504155
-0.000020143506741937457
-0.000013638655988954175
-0.00005842840575743735
-0.00021842216880561225
-0.0019892784784313433
-0.0002940044368047415
-0.0012589514921020313
-0.005662813123315196
-0.0012944016596656296
-0.008480252135163643
-0.010788618074572154
-0.017480199317594255
-0.027703459360296882
-0.03162553446793688
