0.7002962822558906
0.8804747686984892
0.04812303016514347
0.7460569100757911
0.007489085794683758
0.1487808132485314
0.39879370349024107
0.5731108443368711
0.7854143997651207
0.13527983531570445
0.6157733992470206
0.8278121294183313
0.7594922106185383
0.05990855532544096
0.03414526433701931
0.9447460638363145
0.28208106722636883
0.19481131598082882
0.7962369811233752
0.7610500284598303
0.9191550379234037
0.2017039215783206
0.41898735388805547
0.0651416889853216
0.16578390172894897
0.8301229097608164
0.4965049019231383
0.13318016845257585
0.044229645579975996
0.045479000976310864
0.3386721268760736
0.7639481950121575
0.6255541017652316
0.22222212479319492
0.9157435136067562
0.32229832855128643
0.39665256479721744
0.33958119277323173
0.29813860624743055
0.42317254885894884
0.5362542965116482
0.06808289551348995
0.6343860325605734
0.3530121743193604
0.7308643657064458
0.2909343908201396
0.48254050817337846
0.299926334392284
0.28962072720591187
0.7716141970815275
0.7106196814552143
0.03656751265303795
0.9694152029033074
0.36951714196806495
0.3738776370134519
0.9095750658503831
0.5567482626195918
0.6592952128505636
0.7175161681583563
0.5362533811110984
0.05076025444168208
0.07620778547540971
0.2604061022116624
0.37535754680191247
0.3367210373382872
0.09829023521251586
0.13218993345781238
0.17558042757651893
0.37677051832591524
0.7157390048033532
0.46982728496472537
0.3032763237829409
0.5665604197522758
0.14490581265917446
0.42550565813793145
0.756070632323043
0.09226686173042614
0.6144820711520169
0.7346271551875052
0.5926293014130324
0.38578101617701616
0.586239029527299
0.7428716958224546
0.8443373560814946
-0.00000033843509726592595
-0.000010851720288574548
-0.000020431155920326524
-0.000013832376500394408
-0.00005927817510231887
-0.00022161557245826857
-0.002017128229559583
-0.000298029125025966
-0.0012770070394937396
-0.005745092892114579
-0.001313005097807282
-0.008604918082116325
-0.01095023457015344
-0.017738815592296193
-0.028105818430916984
-0.032086546702388384
