0.7002961426425056
0.8804722276194449
0.048112478826705454
0.7460525411731561
0.007450874095331568
0.14867134534637808
0.39879346171037944
0.5731069536241128
0.7854074897449345
0.13527216607474835
0.6157520880157639
0.8277530120801998
0.7594920192416733
0.0598986498940634
0.034129297451595486
0.9447418151582202
0.2820487845025774
0.19468144908119608
0.7962367993886265
0.761046090202783
0.9191482352431943
0.20169435784146075
0.41895480509061034
0.06497517407251861
0.16547837205362223
0.8300787669528863
0.4963050537808111
0.13227058407060632
0.044024022784044894
0.04409693447374396
0.33836704189153655
0.7639041257868538
0.625354593158171
0.22131387796735055
0.915538236788832
0.3209183656320129
0.39634829131921573
0.33953724722575496
0.29793969250762103
0.42226666703110655
0.5360496348270338
0.0667067085838574
0.6340811033974633
0.35296811594774985
0.7306648545942966
0.2900265717326833
0.48233526472074983
0.298546806628252
0.2893181478678489
0.7715705065900027
0.7104217837086608
0.03566679406647987
0.9692116282326634
0.36814835583293093
0.37357873179850193
0.9095319698990353
0.5565528153218241
0.658405876461648
0.7173151251175077
0.5349012896054108
0.04912811758888198
0.07361937866128447
0.25638445791702985
0.370805480439593
0.33493922893754785
0.09546518509760109
0.1277995191434564
0.1706118522029455
0.37501298454507004
0.7129523296038022
0.46549671528069625
0.29837534538430016
0.5650159279449444
0.1424553211054276
0.4216993602974738
0.7517613786702277
0.09049707246550208
0.6116759698104959
0.7302663712457352
0.5876940559818911
0.38426729358913736
0.5838371870730822
0.7391411126618561
0.8401140456515855
-0.0000004025395347497526
-0.000012701164466384604
-0.000023746259361670676
-0.000016092955181315392
-0.0000688820030792958
-0.0002574784863103489
-0.0023227133307578396
-0.0003421790647928261
-0.001476886348245605
-0.006654834121289028
-0.0015186635742782202
-0.009987223143465989
-0.012767040654417635
-0.020618774942683563
-0.032582276208136696
-0.03715192947116119
