0.700296031430401
0.880470079274629
0.04810286245877031
0.746048676935739
0.007415933118369404
0.14856995107002058
0.3987932586372297
0.5731036488737784
0.7854014051002237
0.13526518634644022
0.6157330025172856
0.8276994367640389
0.7594918716644766
0.05989023577732719
0.034115316454839444
0.9447380671288789
0.28201987662812966
0.1945631263027705
0.7962366563330309
0.7610427196886849
0.9191422221995295
0.20168590538420633
0.41892543458347153
0.06482251463188654
0.1652031437165257
0.8300394134696248
0.49612448347791777
0.13144193444635902
0.0438377663521254
0.04283481309049738
0.33809218214349346
0.7638648323995245
0.6251743048061817
0.22048635128573854
0.9153522673828227
0.31965801612254946
0.39607415620208103
0.3394980640547228
0.2977599283138442
0.42144130052582
0.5358642074504482
0.06544975951619791
0.6338064042559295
0.3529288361770276
0.7304845757434018
0.28919950112279164
0.48214933921339903
0.29728694213224566
0.28904554167482943
0.7715315534512036
0.7102429322069366
0.034846167492763085
0.9690271791569267
0.366898167070126
0.3733094543148862
0.9094935500877984
0.556376175534273
0.6575956917058757
0.7171329703275372
0.533666402992501
0.04763898232476818
0.07127040040512421
0.25273187617542336
0.3666352806677347
0.33331319567676804
0.09290105968382506
0.12381131305820794
0.1660592157728572
0.373409166715706
0.7104231038152204
0.46156299912726056
0.2938848018043564
0.5636077719886474
0.14023298249522897
0.41824472105749944
0.7478164001024338
0.08888205832165987
0.6091290908765978
0.7263051671998824
0.5831720822983345
0.3828880717602984
0.5816603163976164
0.7357573109315307
0.8362501580040709
-0.00000044677769483461204
-0.000014223789407187246
-0.000026629724918358193
-0.000018056770561831517
-0.00007740969203381205
-0.00028994446382038774
-0.002597981004202226
-0.00038153720252455517
-0.0016574764406416757
-0.007483596563697151
-0.00170494335117717
-0.011249514444985667
-0.014425036130142238
-0.02323267811985078
-0.03664860802408232
-0.04179327478931579
