0.7002969981813236
0.8804882711115329
0.04818283270534654
0.7460809909481966
0.007702936536293699
0.14939126592587537
0.3987949711651236
0.5731315060856905
0.7854527132563368
0.1353227795349946
0.6158915478178408
0.8281384129198339
0.7594931990942059
0.05996110284098372
0.034233553593458727
0.9447693569929246
0.2822602416968025
0.19552687683164013
0.7962379169582906
0.7610710632819065
0.9191927145398321
0.20175743703165358
0.41916841120705844
0.06606738448655457
0.16756975838441987
0.8303861687231653
0.49763856745413504
0.13828703304161985
0.045395487498321875
0.053138046988251204
0.34045556188302495
0.7642110487913812
0.6266859830479795
0.22732200662440097
0.9169075365627346
0.32994652543236064
0.3984313554300647
0.3398433202594466
0.2992672032980452
0.4282593494677283
0.5374149355307107
0.07571062300213165
0.6361684823825474
0.3532749480954872
0.7319962229650209
0.2960316244432531
0.4837042906979705
0.3075718101675607
0.2913898452632922
0.7718748443570728
0.7117426935835268
0.04162596379714529
0.9705698483274529
0.3771048615254253
0.3756257382212928
0.9098322642708873
0.5578577474730227
0.664291133322298
0.7186568146643301
0.5437506950579242
0.05954505098641817
0.0904196406624417
0.2828831419303305
0.4010110080503473
0.34630449684557585
0.1137896926654976
0.15671002936139508
0.20356077105043247
0.38622467495634205
0.7310300554230525
0.4940163972777235
0.33087969088159475
0.5748931163945443
0.15839254584355988
0.4468300201005666
0.7804134094576014
0.10178668300559593
0.629879294397145
0.7589844115187026
0.6204249170431009
0.39396449909124326
0.5994852798938984
0.7638150480825024
0.8682440304383776
-0.0000000393237388595241
-0.0000011972560617602728
-0.000002238105485137643
-0.0000015607156383358483
-0.000006521537445244137
-0.000024382663427061677
-0.00023099996157272085
-0.00003473789332009031
-0.00014321206121308553
-0.0006375042564833299
-0.00014700499027279714
-0.0009447960308263758
-0.0011788783123011088
-0.0019389669723062699
-0.0031061780457314046
-0.003562074738792237
