0.7002959280453174
0.8804678392855739
0.0480933567087523
0.7460449149266684
0.0073821849109511894
0.1484718722990628
0.39879306715997764
0.5731001751707472
0.7853952068637374
0.13525843298696394
0.6157141029220246
0.8276462911428206
0.7594917215544147
0.05988121957579049
0.03410067200318553
0.9447343950559747
0.281990658662264
0.19444472390187129
0.7962365165597679
0.7610392436272789
0.9191361816503183
0.20167754049968697
0.4188968107229449
0.06467311300753534
0.1649295522497834
0.8300006394208711
0.4959430115883034
0.13060998539747673
0.04365050704950284
0.04155957984247245
0.3378189832859152
0.7638261219368887
0.6249931365171302
0.2196556083017645
0.9151653186491868
0.3183846982074505
0.3958016730624787
0.33945946183135345
0.29757929667052796
0.42061269880792684
0.5356778124317847
0.06417989072120749
0.6335333279448333
0.35289013296890687
0.7303033877428915
0.28836910253367737
0.48196240427222603
0.2960139319085056
0.2887744958679547
0.7714931630835072
0.7100631523124797
0.03402205305268126
0.9688417036045346
0.36563471604459585
0.3730416551332939
0.9094556794794754
0.5561985832346883
0.6567818955134266
0.7169497589659876
0.53241813688135
0.04613947376856101
0.06887884101372338
0.24901850378163307
0.36246596315193585
0.33167555590159625
0.0902899774201479
0.11975594295957173
0.1615067838617421
0.3717939503982847
0.7078476473032876
0.45756318306571137
0.2893946027097556
0.5621907413618408
0.13797185470102755
0.4147349164530576
0.7438747906589711
0.08725555523335111
0.6065356416052378
0.7222773837585461
0.5786504167809196
0.38150097494365165
0.5794467746931207
0.7323215347899649
0.8323919003694683
-0.0000004899901482559683
-0.000015845522104326154
-0.000029569962185798448
-0.0000199791962123973
-0.00008578879061355361
-0.000321909354611372
-0.002871612595693534
-0.0004203155847945671
-0.0018389672139714202
-0.008315657771362808
-0.001892226621005079
-0.012524918041872132
-0.016094848833550172
-0.025894446260548078
-0.04078343734808073
-0.046434366423120925
