0.7002958223185567
0.8804656137486719
0.04808419604764798
0.7460410423013747
0.007347896495024129
0.14836939128095758
0.3987928742293085
0.5730967275452736
0.7853890736480577
0.1352516083267735
0.6156949396610476
0.827591757482583
0.7594915679531502
0.0598724573889169
0.034086612329497196
0.944730603938254
0.28196158211361877
0.19432627514717812
0.7962363817479405
0.7610358351178953
0.9191302297886955
0.20166879868274293
0.4188672502496819
0.06451587810243171
0.1646566460045428
0.8299622808538423
0.49576121449155053
0.1297699136907338
0.043462534132057466
0.040269668871055694
0.3375464580570725
0.763787825312749
0.6248116401963755
0.21881672428123142
0.9149776520137146
0.31709668599537705
0.3955298378822526
0.3394212681358973
0.2973983274697036
0.4197758958633054
0.5354906883131654
0.06289527290595975
0.6332609485010423
0.3528518444173948
0.7301218695092908
0.28753062480363706
0.48177475847436096
0.2947262922910915
0.28850415860268236
0.7714551860374524
0.7098830692383266
0.03318995697749987
0.9686555446999962
0.36435686160853936
0.37277470301121585
0.9094182370010797
0.556020782128943
0.655960652052523
0.7167659758918559
0.5311563064440721
0.044612939890244244
0.06647473144238128
0.24529097382359946
0.3582359191335111
0.33000810374174416
0.0876646974242797
0.11568426406229029
0.1568871289134898
0.37014938399312786
0.7052582743626522
0.453547437630969
0.2848382684507567
0.560749176387999
0.13570047371972963
0.411214289853725
0.739878616754692
0.08559948437348076
0.6039281668177459
0.7182335272632752
0.5740621126851942
0.38009075219535116
0.5772245885192364
0.7288773653236355
0.8284827173576481
-0.0000005325398312242097
-0.000017443819452866066
-0.00003244131999813534
-0.00002193229532737805
-0.00009430187793684211
-0.000354956119940042
-0.0031445588153112525
-0.0004586783635418727
-0.0020207824412185175
-0.009155842349566049
-0.0020802230939109077
-0.013814999830566289
-0.017795067223881245
-0.028570722993847646
-0.04493499284718925
-0.051144058992219375
