0.7002957187112998
0.8804634901536313
0.04807525959324851
0.7460372031271336
0.007314039886332832
0.14826613555394008
0.39879268648273947
0.5730934507429348
0.7853832530997668
0.13524478960975317
0.6156761608443586
0.8275369431609666
0.759491418014424
0.05986414907675409
0.0340730840289002
0.9447268450964668
0.2819326537118697
0.19420461591589183
0.7962362380742461
0.7610324343419472
0.91912435380681
0.20166010678370777
0.4188375485115081
0.06435721358053943
0.16438649872300934
0.8299244154185744
0.4955788550508331
0.12892671304815978
0.0432743542073767
0.038969509735767224
0.33727666855625654
0.763750018012163
0.6246295669957835
0.2179746556379365
0.9147897630440449
0.3157983427679194
0.3952607000947753
0.33938355895373484
0.2972167607020571
0.4189358360893249
0.5353033162229003
0.06160020282679693
0.6329913206808808
0.35281404925336807
0.729939801892406
0.2866890213735619
0.48158691233488987
0.29342844388955136
0.28823650781911986
0.7714176946017001
0.709702412212712
0.032354653955503125
0.968469150542919
0.36306867339263543
0.37251046140623983
0.9093812823301581
0.5558424599521504
0.655136424173034
0.7165820040000316
0.529884562763576
0.04304361607521586
0.06403769011667332
0.241527282169209
0.35401722073522013
0.3282935740326271
0.08500291523951271
0.11157239905296228
0.1522790379077254
0.36845845188885723
0.7026330046308892
0.44949218658949625
0.2802934932269613
0.5592682465117528
0.13339961108461046
0.4076619612093179
0.7358959460202561
0.08389670765523663
0.601284513959163
0.7141498499777449
0.5694854102306667
0.37864296323996505
0.5749750296293976
0.7254044207690975
0.8245892377011548
-0.0000005786825872735673
-0.000018978387767263225
-0.000035190710611488625
-0.000023905518585924917
-0.00010271219563079492
-0.0003882564751907286
-0.003414746240400022
-0.0004965487875347185
-0.002203164210560265
-0.009999162429172672
-0.002268429022416819
-0.015115342040838071
-0.01954331074563106
-0.03128425297457754
-0.049127501402759274
-0.055841971848759095
