0.7002956243732603
0.8804614657952053
0.048066318959987815
0.7460332952610074
0.007279942109139768
0.1481616292135611
0.39879251924755954
0.5730903001143983
0.7853775692836638
0.13523790699483343
0.6156573908913063
0.8274811680555583
0.7594912882280379
0.059856126178200866
0.034059890831207286
0.9447230561683753
0.28190408409026885
0.19408275044999337
0.7962361012843562
0.761029079685951
0.9191185505662959
0.20165103047850463
0.41880740539511735
0.06419463936820577
0.16411554597514863
0.8298868014519807
0.4953943570038685
0.12807095333195326
0.04308376952139189
0.037643975063098786
0.33700605347616136
0.7637124575392913
0.624445342006455
0.21711997073102893
0.9145994558961709
0.3144745552050987
0.3949907254635134
0.33934609321643405
0.29703302756379313
0.4180831500395259
0.5351135145460248
0.06027965925606292
0.6327208972418263
0.3527765056335139
0.7297555999764131
0.28583490694552305
0.48139666870230663
0.2921052928874924
0.28796804535834847
0.7713804468682411
0.7095196088974937
0.03150684260165179
0.9682803548236442
0.3617552268943388
0.372245462895106
0.9093445743471992
0.5556620444690931
0.6542999908069063
0.7163956909079144
0.5285880824361756
0.041442554652186936
0.061547649466944916
0.23769094186376977
0.3497354925214063
0.326544093549553
0.08228279010741064
0.10738042989603078
0.14760122128597883
0.36673310161852796
0.6999502789884737
0.44535807504945163
0.2756801183189969
0.5577584168844645
0.1310503520753597
0.4040436269724405
0.7318566629088661
0.08215925571349093
0.5985829781351486
0.7099867222144209
0.5648395872547656
0.3771678927752222
0.5726796784805867
0.721869307303539
0.820643043570521
-0.0000006157118480397738
-0.000020426509149675468
-0.00003785368969695014
-0.000025899074191216884
-0.0001111143777029338
-0.00042205544610638974
-0.0036857340235868625
-0.0005341661163338233
-0.00238767879391661
-0.01085502093726754
-0.002459035211628421
-0.01644103217097191
-0.02132716833465412
-0.03405724516802025
-0.05340168656450435
-0.060610998713421266
