0.7002955189767677
0.8804592298764883
0.04805696387540636
0.7460293493910477
0.0072451625359371665
0.14805698814439386
0.3987923262071839
0.5730868757148668
0.785371459135343
0.1352307648797353
0.61563803234993
0.8274254328357143
0.7594911353099014
0.05984748014454665
0.03404569578939281
0.9447192238639045
0.2818744298874427
0.19396060255002834
0.7962359639113805
0.7610256095712984
0.9191124878726238
0.20164221550648628
0.41877739136932285
0.06403587119441595
0.16384784593016857
0.8298498836007673
0.495210404676124
0.12721381161318832
0.04289367343030079
0.0363123240264019
0.3367387196047329
0.7636755988625671
0.6242616887246957
0.21626402467408534
0.9144096634302015
0.3131448303763816
0.39472408296280037
0.3393093370979667
0.2968499134840179
0.4172293959633738
0.5349242771350063
0.05895350030464881
0.6324537223130253
0.3527396577455449
0.7295719387585147
0.2849794276267146
0.48120690931298676
0.2907760340470158
0.28770288091839225
0.7713439026507182
0.709337401283313
0.030657926691654798
0.9680921005795797
0.3604360987353991
0.371983622180855
0.9093085475279451
0.5554821439179237
0.6534621696840117
0.7162098360168219
0.5272854952086293
0.03981652064511887
0.05904448244749262
0.23385638959318203
0.34544299041009685
0.32476690285306337
0.07954781402843492
0.1031895051690226
0.14291071011061204
0.36498050969540274
0.6972530052721203
0.44122517757354973
0.27105440685498167
0.5562261628007464
0.12869038115670658
0.40042957941458385
0.7278101003803136
0.0803943624548324
0.5958667821590465
0.7058247972380463
0.5601813155197561
0.3756719517848336
0.5703754197210136
0.7183408115565169
0.8166924386683735
-0.0000006584648266362301
-0.000022016971021002612
-0.00004075620352633829
-0.00002790322800000551
-0.0001197597759896484
-0.00045575318054395347
-0.00395347256189438
-0.0005710884857714546
-0.0025716498587092726
-0.011712280859287572
-0.0026491544245472566
-0.017772859901758524
-0.02313933928047467
-0.03684538554268516
-0.0576748898603553
-0.06539301142823736
