0.7002954115120027
0.88045696364679
0.048047274473151394
0.7460255139130292
0.0072099272890998704
0.14795433571481975
0.3987921380896952
0.573083353506109
0.7853652119398269
0.13522405042966334
0.6156185834729799
0.8273702099738725
0.7594909779512119
0.05983851452412988
0.03403142967332757
0.9447154503527941
0.2818447599184057
0.19383897141057418
0.7962358196142966
0.7610220675851936
0.9191063975608594
0.20163353840262443
0.4187479361580944
0.06387973995488776
0.16358258038014412
0.8298136563366686
0.49502573370848935
0.12635371140266374
0.04270297373478863
0.03496809683022865
0.3364738280663284
0.7636394312205388
0.6240773300344823
0.21540515418151004
0.9142192807399244
0.31180261161094847
0.3944598860129184
0.3392732710922084
0.29666610492001894
0.4163727475664864
0.5347344608198714
0.057614930552276955
0.6321889622312804
0.35270349742722973
0.7293875610177815
0.2841209445577477
0.48101654455229786
0.28943417225744034
0.28744014086862485
0.7713080440800033
0.7091544985948055
0.029806109342031838
0.9679032658985245
0.35910457631430415
0.37172407655077877
0.9092731826780022
0.5553014993652382
0.6526211419724307
0.7160233462986733
0.525970196250741
0.038179493131977514
0.05647533712831438
0.23001932492988747
0.34112266145378145
0.3229774097451025
0.0767401501423497
0.09899509312265369
0.13818895018457425
0.3632158440763093
0.6944841710804679
0.4370889866466602
0.2663980517474519
0.5546846194313656
0.12626996377968047
0.39681576602495866
0.723740169229195
0.07861729939056936
0.5930785002350595
0.701659530692186
0.5554921545099603
0.37416799581905635
0.5680138120530317
0.7148149940829681
0.8127218209255626
-0.0000007057122601641817
-0.000023672280647637155
-0.0000437129265144356
-0.00002988186706753905
-0.00012846471533548319
-0.0004890776368227675
-0.004218778849883044
-0.0006073204604275004
-0.0027563454579520256
-0.012572504146703216
-0.0028398826043611013
-0.019117285845192254
-0.024964037316616627
-0.03970768408657167
-0.06195165081185434
-0.07020688864503409
