0.7002953112896515
0.8804547845414632
0.04803764998080594
0.7460217847813019
0.007175162142647101
0.14785168867695092
0.39879195284510016
0.5730799652519258
0.7853591360502201
0.1352173627657561
0.6155994031944292
0.8273153865695823
0.7594908361771044
0.05982994699689957
0.03401738394051197
0.9447117725292935
0.28181534922392
0.19371700053071067
0.7962356932833206
0.7610187107589926
0.9191004727469281
0.20162514166753434
0.41871892056773624
0.06372399227267089
0.1633178694997045
0.8297779635878145
0.49484029211827685
0.12548468230140733
0.04251101717442961
0.033604694716616715
0.3362094670080314
0.7636037938922922
0.6238921823161137
0.2145372958177566
0.9140276222677909
0.31044112258500667
0.39419621613877
0.3392377334981038
0.2964815001621395
0.41550713421757624
0.5345433646334613
0.05625710864399656
0.6319247419289936
0.3526678680772559
0.7292023924200599
0.2832535019991369
0.48082490741494144
0.2880730683558269
0.287177881932762
0.7712727054291921
0.7089707726496209
0.028945245103290232
0.9677131229874519
0.35775369138814506
0.37146497620082364
0.9092383314431107
0.5551200130976773
0.6517711423787965
0.7158355298426057
0.5246356077526534
0.036521572508421085
0.05388171839757848
0.22612350194895717
0.33674779353081497
0.3211647530902234
0.07390535681434261
0.09473578289595877
0.13340677441446913
0.36142839830693674
0.6916886560190051
0.432888935028817
0.2616822755503653
0.5531245824816319
0.12382821555310704
0.3931491945076354
0.7196218764081399
0.07681728187499769
0.590263330799333
0.697429912588567
0.5507431167866425
0.3726470885142465
0.5656330869026861
0.7112402572070838
0.8087068853479479
-0.0000007453914359997845
-0.000025224930817519407
-0.00004659452015309008
-0.00003177877130743735
-0.00013696391642029087
-0.0005221359120219317
-0.004483526446998687
-0.0006430168773884834
-0.0029418053282016547
-0.013441643574290216
-0.0030318623222791766
-0.020480861488087622
-0.02681235807736747
-0.042597577575917644
-0.06629451766549618
-0.07508233664409766
