0.7002952152293134
0.8804526437876127
0.048027907779267846
0.7460180060514212
0.007139713336321489
0.14774562071513342
0.3987917773533585
0.5730766633881088
0.7853531760171257
0.13521075021175655
0.6155802433835186
0.8272591705052936
0.7594906993612303
0.05982151631852086
0.03400354744361798
0.9447080581484386
0.28178564685502033
0.1935914924272441
0.7962355630814039
0.7610152691207264
0.9190944691741603
0.2016164891720227
0.4186889869304497
0.06356246369524265
0.16305586871608488
0.8297427734700271
0.4946543792850308
0.1246100150672683
0.04231888945190323
0.03222883315494019
0.33594780856504125
0.7635686569116343
0.6237065606488671
0.21366378606300046
0.9138357904942347
0.3090671704389719
0.39393523075491066
0.3392026934248692
0.296296426977644
0.4146358430193388
0.5343520964133861
0.05488683859287059
0.6316632366393017
0.35263274286392016
0.7290167595171742
0.2823804740493803
0.4806331050429746
0.286699573587464
0.28691834363417307
0.7712378698395744
0.708786618101072
0.028078904436221363
0.9675228484015875
0.3563906804963524
0.37120869914223426
0.9092039933934001
0.5549381985220195
0.6509161551745514
0.7156476883995956
0.5232897346029773
0.03481394400406985
0.05124712591941857
0.22223710388866313
0.3323401528148367
0.31929739497885523
0.07102519145419699
0.09048589003173557
0.12858785525676872
0.35958708469959016
0.6888485126278177
0.42869834031329307
0.25693044811979104
0.5515189978533498
0.12134985809489818
0.38949446316188047
0.7154759568499478
0.07496299868573525
0.5874032014968603
0.6932097904753113
0.5459577335861016
0.3710829451145259
0.5632184625691534
0.7076797256419529
0.8046680232704393
-0.0000007832102928443877
-0.000026759037032403225
-0.000049442815348508164
-0.00003371057529642254
-0.00014561584630439362
-0.0005562933117734887
-0.004745561979542162
-0.0006782103891144549
-0.0031277358638045053
-0.014316417130470785
-0.003224012161056918
-0.021856891778360255
-0.028716473591214833
-0.04553379091201722
-0.07062789533856978
-0.07999530628487853
