0.7002952353029334
0.8804528898140542
0.048028955427027314
0.7460183349192493
0.007142347686012755
0.1477523623083885
0.3987918010465149
0.5730769419279796
0.7853537587083151
0.13521128074326805
0.6155817076267711
0.8272632145277187
0.7594907286057727
0.05982212562288126
0.03400504023328751
0.944708433558559
0.28178826589760425
0.19360020367201267
0.7962355890510218
0.7610155920640993
0.9190950781718923
0.20161716245312525
0.4186912648144989
0.0635713569492165
0.1630695955132594
0.8297452892143007
0.4946666072823756
0.12466311923335775
0.04232987198834945
0.032309818494219406
0.3359614986613635
0.7635711673264421
0.623718767516307
0.21371676025115455
0.9138467495320125
0.309147983753268
0.39394883248732077
0.33920518932918015
0.29630857090744395
0.4146884959093917
0.5343629903177375
0.0549671958422575
0.6316769329789076
0.35263525225153064
0.729028946950581
0.2824334615042672
0.4806440539610911
0.2867803442141234
0.2869318732406866
0.7712403532280172
0.7087986594830349
0.028131321076497764
0.9675336521808426
0.35647050955808485
0.3712220605815191
0.9092064579345296
0.5549500575600285
0.6509680731147239
0.7156583221984143
0.5233685085861807
0.03500120726759773
0.05144429538441677
0.2224260558997527
0.332562288004996
0.31950213450175025
0.07124098206016836
0.09069253158874704
0.12883090399085098
0.3597889653012729
0.6890612596695536
0.42890208640378363
0.2571700822652752
0.5516952078283153
0.12153500172503406
0.38967215679239137
0.7156846910938593
0.07516630511484662
0.5876174502396231
0.6934149733908207
0.5461990438141231
0.37125455192344714
0.5633987260674607
0.7078527246539059
0.8048713398804035
-0.000000769733797852191
-0.000026592059963417626
-0.0000490889638607126
-0.000033513333184677706
-0.00014481114782866636
-0.000553885617227845
-0.0047318259016498766
-0.0006756928291066499
-0.003115499196773093
-0.014263278226282497
-0.0032130213999530593
-0.0217758540378814
-0.02850776990940449
-0.045313642019587916
-0.07041719380740685
-0.07974741526454754
