0.7002952566044344
0.8804531381742084
0.048029992485107136
0.7460186720375825
0.007144981159191502
0.14775908411639202
0.3987918259556311
0.5730772251696822
0.7853543450619925
0.13521182347605093
0.6155831795055287
0.8272672649045724
0.7594907590461271
0.059822733547884435
0.03400650290749764
0.9447088176651169
0.2817908563338867
0.19360883830369088
0.7962356161245935
0.7610159167205728
0.9190956813506593
0.2016178513957549
0.4186935443877055
0.0635802657820732
0.1630833381749125
0.8297478099753581
0.4946788364295124
0.12471623351542885
0.04234085855279411
0.032390781070768204
0.3359752043106267
0.763573682720931
0.6237309754798347
0.21376974392581635
0.9138577123910776
0.3092287735865665
0.3939624508069432
0.3392076901534638
0.29632071621899053
0.41474116091696134
0.5343738885320358
0.05504753422328047
0.6316906444049148
0.3526377664244859
0.7290411344732219
0.2824864558029479
0.4806550060940719
0.28686108687829187
0.286945417276968
0.7712428411389681
0.7088107004219458
0.02818374264388609
0.9675444584467701
0.35655030873884286
0.3712354375074855
0.9092089270178609
0.554961916366883
0.6510199994430746
0.7156689589869524
0.5234472573971232
0.0351886484549782
0.051640762628564395
0.22261580035214718
0.3327839788394095
0.3197070710516883
0.07145600387509712
0.09090004149759635
0.12907346404506956
0.35999103957694206
0.6892732486791944
0.42910668838268085
0.25740923478317035
0.5518715918634064
0.12171949462671931
0.38985060194365906
0.7158930207374908
0.07536980657781107
0.5878309358462966
0.6936210178720946
0.54643986919862
0.371426334725059
0.5635783620494602
0.7080264618515513
0.805074268662744
-0.0000007553932377946678
-0.00002642219191571364
-0.00004873510717087232
-0.00003330982154476982
-0.00014400016113382883
-0.0005514726502201648
-0.004718073434927396
-0.0006731700895316484
-0.003103260868262017
-0.014210126820231027
-0.0032020261872067785
-0.021694836112206222
-0.028298862770912613
-0.04509427636004183
-0.07020560461833658
-0.07950002246834917
