0.3362948360419306
0.7658120879862087
0.08058099662177753
0.08593871881908412
0.07988088857853946
0.40512169114311536
0.8670773802578121
0.9464802901879646
0.6308838460125342
0.8615052185729656
0.5526261150657857
0.9424154123894792
0.16944471105871084
0.9213538941874311
0.1305333677499358
0.4733737831225473
0.0851124228487388
0.6890259108297642
0.256683149767307
0.6139961036589939
0.5251843865781862
0.5253724707229888
0.7959058338521532
0.8930333351342961
0.5409539896446979
0.6145381147109245
0.7812750934866268
0.6326239507462086
0.8462191931564821
0.364107845068119
0.4139773571274688
0.8714066675548974
0.36214128091805003
0.41705561895433824
0.7084910460229871
0.1866060487823933
0.67356748249806
0.2313021227591645
0.1836761291639384
0.45396838643223375
0.31486091281157164
0.9461945865462598
1.2045841855881263
0.6166056274129978
0.649094526073547
0.930018208990267
0.4587622136977001
0.9859868262592927
0.549322838545161
1.1194524305221452
1.1262119673299753
1.1228345870943575
0.3184537082154653
1.0349985069036456
0.48538659557510705
0.6950936422085031
0.8725063489950516
0.2370061301660573
0.9953999343376595
0.7620218815218253
1.9393911776038795
1.8807321892582065
1.8501590837629784
2.3835501882004504
1.9242029432263932
1.6998823077473264
2.336927690983314
2.203655625812893
1.7512145761683993
2.2367650273533317
1.5275326604126136
1.7660782907071737
1.5805461946002393
2.1646511979851724
1.8059472467422344
1.9111653295341013
1.9597789655658522
1.9920848531216673
1.4822490468272995
1.7498900074711874
1.671480307750842
2.2871249251825927
1.6211714871895997
1.7557013220212714
0.007648269711625012
0.00008859396609115668
0.0054870568814645885
0.0024028162554043378
0.007150448986566454
0.00017149088038975014
0.2600811976346054
0.17760012802474437
0.16868304930555097
0.2350871667170747
0.2595464468645242
0.11574039719716421
1.4146202980606404
1.400496200144037
1.4890288997686782
1.7742461868378132
