0.7002952775649444
0.8804533811272874
0.04803101987329386
0.7460190063811911
0.007147570464812451
0.1477657720638986
0.3987918507363186
0.5730775036206247
0.7853549184998039
0.13521235087553807
0.6155846367516359
0.8272712939403895
0.7594907882611663
0.05982332880745389
0.03400796161010456
0.9447091976760642
0.28179342767609106
0.19361749987999805
0.7962356433741176
0.7610162418318263
0.9190962833881388
0.20161852535060673
0.41869582343333417
0.0635892260035782
0.16309695126019227
0.8297502968827892
0.4946909321421577
0.12476868755577365
0.04235173630380789
0.032470836888912225
0.3359887819117087
0.7635761644746283
0.623743050625091
0.21382207234442094
0.9138685674086358
0.3093086627511128
0.3939759424556799
0.33921015770056906
0.29633272956615
0.41479317732040466
0.5343846797395571
0.05512697884148175
0.6317042260310934
0.35264024683434547
0.7290531887054483
0.28253879059264975
0.4806658492180547
0.2869409231310803
0.2869588348906699
0.7712452957896131
0.7088226096832817
0.02823551639375013
0.96755515798018
0.35662921627656263
0.3712486850330135
0.9092113625248271
0.5549736405524012
0.6510712697910526
0.7156794862067664
0.5235250978988591
0.03537230113057366
0.05183598266385862
0.2228024422329742
0.33300413715154265
0.3199078614710947
0.07166966254176853
0.09110416029236555
0.12931434141105047
0.3601890265311608
0.6894838939481279
0.4293079463918436
0.2576467298694046
0.5520444201533808
0.12190281717180672
0.3900261348893813
0.7160999184432135
0.07556919172413334
0.5880430679422949
0.69382369485649
0.5466790261278116
0.3715946609447108
0.5637568665919046
0.7081973702940788
0.8052758119874823
-0.0000007414366525525978
-0.000026257543095045728
-0.00004838902033237767
-0.000033107675016182585
-0.00014319831577794167
-0.0005490618999338787
-0.0047044508158070744
-0.0006706812995981189
-0.0030911561017289203
-0.014157637123617313
-0.0031911398957324925
-0.021614726059477264
-0.02809418340325603
-0.044876298250357584
-0.06999747087355855
-0.07925434845667924
