0.7002952974041395
0.8804536204886102
0.048032022549406764
0.7460193349612837
0.0071501124457021645
0.14777237044428856
0.3987918741934744
0.573077778800466
0.785355482889905
0.13521288510814458
0.6155860697807582
0.8272753102396551
0.7594908172329077
0.05982392575418411
0.03400939189510932
0.9447095733402165
0.2817959748030336
0.19362617586347688
0.7962356694274033
0.7610165613471217
0.9190968718019339
0.20161920989459914
0.4186980657561486
0.06359818357666006
0.16311069549407195
0.8297527935790575
0.49470316129857117
0.12482139356259121
0.042362748983813515
0.032551645220645936
0.3360024898804848
0.7635786559693926
0.6237552591062124
0.21387465098670366
0.9138795569150462
0.3093893023308482
0.3939895663185316
0.33921263538776314
0.29634487831490347
0.4148454515807933
0.5343956071972188
0.055207186126044264
0.6317179391000777
0.3526427371481294
0.7290653767509753
0.28259137912527293
0.48067682759162056
0.2870215138573355
0.28697238662340624
0.7712477610400791
0.7088346575467206
0.028287555444321016
0.9675659965291393
0.3567089019277579
0.37126206549724383
0.9092138085625106
0.5549855044898654
0.6511228016622846
0.7156901531278667
0.5236037165083713
0.03555512844425148
0.052034498365754085
0.22299366694064474
0.33322429227076056
0.32010774232021055
0.07188691283267244
0.09131327809464052
0.12955521353799443
0.36038611830148737
0.6896980831409059
0.4295141361301857
0.2578842204936824
0.552216482582731
0.12208925827775408
0.39020599641397175
0.716306820016486
0.07576767528704544
0.5882587694135187
0.6940313386793246
0.5469181780396098
0.3717622497426701
0.5639384192656062
0.7083725050302451
0.8054773679674394
-0.0000007278776297337421
-0.00002609263705480183
-0.00004804854493664917
-0.00003290812693790102
-0.00014241457403465355
-0.0005466756852030611
-0.00469069720296549
-0.0006681827863130068
-0.003078918163957393
-0.014104896481055037
-0.0031801188342547825
-0.02153386501200204
-0.027890434444680878
-0.044654665944051215
-0.06978424795964237
-0.07900867866090622
