0.700295318320374
0.8804538660480722
0.04803306555564949
0.7460196749511367
0.007152768594950537
0.1477791216740964
0.39879189818111455
0.5730780598774737
0.7853560650317057
0.1352134264623334
0.6155875422771449
0.8272793670501866
0.7594908468262277
0.059824525394514265
0.034010844342589594
0.9447099568436591
0.28179855038145507
0.19363474930138797
0.7962356961660799
0.7610168838637968
0.9190974716437361
0.20161991276766034
0.418700364961588
0.06360714153824704
0.16312445426879132
0.8297552999730569
0.4947153430833371
0.12487422738276716
0.04237371908210468
0.032632273030997666
0.3360162121860079
0.7635811571734191
0.6237674200252897
0.21392735719257522
0.9138905036162881
0.3094697602462312
0.39400320069887584
0.3392151222612149
0.296356976586041
0.41489784198467966
0.5344064884508053
0.05528719243867707
0.6317316660485041
0.3526452371097058
0.7290775163353125
0.28264409412424296
0.48068776239429534
0.28710191904390636
0.2869859453969065
0.7712502349898803
0.7088466506029424
0.028339701189961992
0.9675767845632113
0.3567883641516011
0.3712754560832621
0.9092162637116856
0.5549973141183826
0.6511744527694391
0.7157007704142735
0.5236821240454266
0.0357391923943293
0.05223104612894104
0.22318139652247238
0.3334467976639583
0.32030897201628106
0.07210201951758576
0.09151858918588542
0.1297986525329254
0.3605845408359105
0.6899101568155906
0.4297165693480631
0.25812424242218074
0.5523897180707019
0.12227385064722093
0.3903825643959208
0.7165159485267092
0.07596749864866831
0.5884723401349014
0.6942351980786335
0.5471598788605097
0.371930988058773
0.5641181745068848
0.7085444340351693
0.8056811007561461
-0.0000007141024942447347
-0.00002592591004411904
-0.00004769767326299996
-0.000032704146482273574
-0.00014160166440373265
-0.000544260664994144
-0.004676928768749327
-0.0006656745877904335
-0.003066727493051403
-0.014052027537794696
-0.0031691401500580176
-0.02145318330800686
-0.027685311357683096
-0.04443521263005748
-0.06957489409015861
-0.07876039332803432
