0.7002953397530699
0.8804541159315481
0.04803409532518753
0.7460200179243621
0.00715539153991907
0.14778588626352882
0.39879192304487626
0.5730783462299716
0.7853566469851732
0.13521397070548927
0.615589013855684
0.8272834404970035
0.7594908773283695
0.05982513915404482
0.03401230709771811
0.9447103454217469
0.28180114718136534
0.19364344923849014
0.7962357239237521
0.7610172161374079
0.9190980792889155
0.20162061018236377
0.41870267772409314
0.06361615427703952
0.16313820498769105
0.8297578228757203
0.4947276004717188
0.12492712309837133
0.04238471989010139
0.03271305649469119
0.33602992586556313
0.7635836746985961
0.6237796558021275
0.21398012263577082
0.913901480473214
0.3095503700828995
0.39401682748800776
0.33921762541306283
0.29636914978069845
0.4149502932594801
0.5344174006115414
0.055367354118533336
0.6317453846491599
0.35264775339406756
0.7290897313143462
0.28269686868749855
0.48069872779918565
0.28718247875559766
0.2869994963460501
0.7712527250965603
0.7088587178703897
0.028391906532043414
0.9675876031187388
0.35686797974370343
0.37128883558127773
0.9092187344596876
0.5550091949691471
0.65122615289886
0.7157114152506722
0.5237606672924591
0.035925055464994145
0.052429685902003975
0.22336965931490663
0.33366771251616556
0.3205121710300603
0.0723194153920733
0.09172447723401109
0.1300403549227119
0.36078490477735936
0.6901244875959773
0.4299195729664941
0.25836255166244176
0.5525646527119408
0.12246041515887457
0.39055964356306816
0.7167235858184274
0.07616927708701829
0.5886881832213035
0.6944396323230291
0.5473998545679558
0.3721013885179264
0.5642998575901356
0.7087168701104251
0.8058833884943687
-0.0000006997119754231488
-0.000025754640941217466
-0.00004734511831569247
-0.00003249730298686444
-0.00014078510551260328
-0.0005418217267523811
-0.004663168140463883
-0.0006631497725015122
-0.003054460708346445
-0.013999095392261723
-0.0031581303951634296
-0.021372343877295894
-0.02747817860955971
-0.04421342185707403
-0.06936495454986952
-0.07851387518046728
