0.7002953600946485
0.8804543550988982
0.04803513010265192
0.7460203567827873
0.0071580377601558115
0.14779261200503355
0.39879194647880717
0.5730786180910102
0.7853572162446093
0.13521451907871954
0.6155904693742905
0.8272874477801868
0.7594909059818234
0.05982572950969171
0.034013749111383225
0.9447107219443022
0.28180370748231665
0.19365200755277978
0.796235750031097
0.7610175333311321
0.9190986747918957
0.20162130694495245
0.4187049583974611
0.0636250452542412
0.1631519432019871
0.8297603326514317
0.4947398400494843
0.1249797597730363
0.042395725627237306
0.032793677098774746
0.3360436283177501
0.763586179358607
0.6237918751457937
0.21403263411804463
0.9139124634828648
0.3096308250149871
0.39403044271122806
0.3392201159526197
0.29638130722727674
0.4150024929795432
0.5344283188220453
0.05544736254976674
0.6317590913357793
0.35265025664516164
0.7291019288369539
0.2827493862792408
0.48070969863886687
0.28726287800180017
0.2870130370426966
0.771255202891473
0.7088707710794117
0.02844386629562779
0.9675984290039871
0.3569474508404033
0.3713022087942657
0.9092211934999062
0.5550210658107865
0.6512776212151857
0.7157220713741139
0.5238390902887189
0.03610901034837757
0.05262761181130868
0.22356137262358225
0.33388594301617147
0.32071327644041975
0.07253601923497942
0.09193413464954638
0.13027911330004846
0.3609832058387354
0.6903380397279852
0.4301262939944458
0.2585979599074565
0.5527378042021771
0.1226463265453754
0.39073997967120344
0.7169287137322011
0.07636897828150986
0.5889032426303448
0.6946478097679399
0.5476369087568311
0.37227005950736675
0.5644809143107713
0.7088924843107767
0.8060832428048388
-0.0000006862992140627774
-0.000025592196480600112
-0.000046999579186022495
-0.00003229516296526351
-0.0001399829903653621
-0.0005394315148386669
-0.004649420541731985
-0.0006606382124405657
-0.003042212532937594
-0.013946424413216866
-0.0031471163708396547
-0.021291671081144586
-0.027273183764742876
-0.04399244633798026
-0.06915117319215286
-0.07827036314573811
