0.7002953813892185
0.8804545995848286
0.04803614476137621
0.7460207017676357
0.007160672038429235
0.1477993480970788
0.3987919712582599
0.5730788996618598
0.7853577934189541
0.13521506184124177
0.6155919419143884
0.8272915068601676
0.7594909356510701
0.05982633291261816
0.03401518967951569
0.9447111043088661
0.2818062607789628
0.1936605417924782
0.7962357773500661
0.7610178569928618
0.9190992718537998
0.20162200137830152
0.4187072707416017
0.0636340126555373
0.16316556267622595
0.8297628235218262
0.4947519675341155
0.12503187480745295
0.04240663972857514
0.03287349800700416
0.3360572114753678
0.7635886649792923
0.6238039818322634
0.21408462163510472
0.9139233543895826
0.3097104770510942
0.3940439401334275
0.33922258746441786
0.29639335268635697
0.41505417177179343
0.5344391461909671
0.055526574687583756
0.631772678701697
0.3526527409173716
0.7291140138524065
0.282801380951386
0.4807205772816051
0.28734247532679824
0.287026458287126
0.7712576613356679
0.7088827100590168
0.02849530005045593
0.967609162068178
0.35702611495540965
0.37131546031247115
0.9092236328879669
0.5550328205613155
0.651328557456379
0.7157326325808484
0.5239166953045694
0.036291407815358875
0.05282220462169444
0.22375384539523843
0.33410038111462986
0.32091268257760686
0.0727489839408317
0.09214462107825495
0.1305137280181596
0.36117983066812503
0.6905480024124718
0.43033383279586535
0.25882928176792486
0.5529094946440389
0.12282910498429447
0.3909210369086794
0.717130279292026
0.0765669910681029
0.5891146868864614
0.6948568110017429
0.5478698476993921
0.3724373134713913
0.5646589239520887
0.7090688070581793
0.8062796338331474
-0.0000006720726602431496
-0.000025424963090008737
-0.00004665330098467678
-0.00003208912805311575
-0.00013917315715276297
-0.0005370186024384764
-0.004635791294219603
-0.0006581454288073423
-0.0030300757947240614
-0.013894273316819807
-0.0031361934822615343
-0.021211795072431563
-0.02706991777539528
-0.043775175315188534
-0.0689365456342741
-0.07803107261918933
