0.7002954012005654
0.8804548375357016
0.04803720263899686
0.7460210300098581
0.007163314700508178
0.1478061659612785
0.3987919945719793
0.5730791712177109
0.7853583753470625
0.13521559069993194
0.6155934003232328
0.827295550006625
0.7594909632685768
0.05982691782187374
0.034016672245197825
0.9447114719099713
0.28180886656789667
0.1936692470586065
0.7962358025385297
0.7610181700479901
0.9190998730948655
0.20162266772846135
0.4187095603515121
0.06364301499117643
0.16317931950803555
0.8297653324218213
0.4947641893055536
0.1250844452256066
0.04241763086478711
0.032953983552896464
0.3360709333686105
0.7635911689046833
0.6238161837420592
0.21413706971392468
0.9139343233925968
0.30979080026062605
0.39405757401164004
0.33922507692216225
0.29640549197110017
0.41510630228707723
0.5344500504840631
0.055606446384152956
0.6317864051526622
0.3526552434916811
0.7291261955027362
0.2828538363050718
0.48073153512010164
0.28742274892817166
0.2870400188817465
0.7712601381046603
0.7088947464440662
0.028547193410915016
0.9676199757122298
0.357105457196851
0.37132885012120403
0.9092260905473649
0.5550446724948593
0.651379950525207
0.7157432741001061
0.5239949744237866
0.0364741039254249
0.05302069213693742
0.22394316235383407
0.33431995971661344
0.3211124121865482
0.0729661951775444
0.09235165036473973
0.13075395476628723
0.36137677529278284
0.6907621556532089
0.4305379645026622
0.25906613974043624
0.5530814742028829
0.12301555867610199
0.39109913552709447
0.7173366912729939
0.076765325698887
0.5893303503489952
0.6950623810254599
0.5481083613290212
0.37260485660401715
0.5648405259538979
0.7092422589645231
0.8064807568880882
-0.0000006592353891833352
-0.000025266674120932617
-0.00004630676036555835
-0.000031895380773642806
-0.00013837502338541363
-0.000534614950042337
-0.004622025669122152
-0.0006556347994423355
-0.003017845754221674
-0.013841670176113787
-0.0031251945432779153
-0.021131259876176298
-0.026866323124744275
-0.043553580677602365
-0.0687254466088289
-0.07778606461059079
