0.7002954216762544
0.8804550838603376
0.048038231493896126
0.7460213672575103
0.007165927257650882
0.14781287279282132
0.398792018842298
0.5730794523779508
0.7853589504053964
0.13521613669667315
0.6155948645242585
0.8272995980215069
0.7594909928395494
0.0598275281173737
0.03401813757228465
0.9447118570414232
0.281811471923929
0.1936778823951006
0.7962358296597903
0.7610184996219258
0.9191004818705512
0.20162336238481704
0.4187118590735403
0.06365192457502798
0.16319307132611058
0.8297678558028238
0.4947764065882422
0.12513710141231532
0.04242860315257085
0.033034377606574995
0.3360846481707885
0.7635936869866634
0.623828379748515
0.21418959682686062
0.9139452719146266
0.3098710222613327
0.39407120121909756
0.3392275808042176
0.29641762606496885
0.4151585162446087
0.5344609344654359
0.05568622155821034
0.6318001252291116
0.35265776014808337
0.7291383705652402
0.2829063714517347
0.480742472526603
0.28750292109899966
0.2870535709253237
0.7712626289405696
0.7089067761314135
0.028599163235671618
0.9676307676647324
0.3571846936405493
0.3713422318717077
0.909228561873995
0.5550565173624015
0.6514314183033797
0.7157538941587733
0.5240731499118106
0.03665889159872813
0.05321771901235044
0.2241324855868728
0.3345388392496452
0.3213144267280158
0.07318181560093696
0.09255868407493029
0.130993424553654
0.361575973325553
0.6909747386529563
0.43074210100554755
0.2593022495609964
0.5532554302271309
0.12320064507172426
0.39127725087229154
0.7175424511473077
0.07696592998908526
0.5895444327233377
0.695267955648883
0.5483461208898869
0.3727743316442184
0.565020801302284
0.7094157345468641
0.8066812498133711
-0.0000006454202239870904
-0.00002509833376020982
-0.00004595634654452348
-0.000031691322182538676
-0.00013756544414621365
-0.0005321963954010085
-0.004608264305423397
-0.0006531095594323164
-0.0030056195962667627
-0.013788978750147318
-0.0031142138117451253
-0.021050812423850256
-0.026660399083556385
-0.0433336036894254
-0.06851434349970421
-0.0775418217044084
