0.7002954364145407
0.880455261049511
0.04803889866100798
0.7460215718003081
0.007167613880760328
0.14781713308267636
0.3987920356642991
0.5730796526269725
0.7853593373544933
0.1352164503858435
0.615595780504664
0.8273022603086535
0.759491015804644
0.05982797117373509
0.03401915868678603
0.9447121267766836
0.2818132273974295
0.19368404761838148
0.7962358496940286
0.7610187501068074
0.9191009073390825
0.20162378727089073
0.4187134568584237
0.06365788211354076
0.1632010565854038
0.8297695181726055
0.4947841910744218
0.12516964310208298
0.04243521900318441
0.03308335442819898
0.336092603099791
0.7635953451654579
0.623836150678064
0.2142220318426043
0.9139518711271889
0.3099198697068593
0.3940790970024222
0.3392292288784818
0.29642535999236674
0.4151907314583989
0.5344674940714943
0.0557347813957011
0.6318080950613587
0.3526594181739219
0.7291461234756761
0.28293884913966577
0.4807490645163268
0.28755175749552564
0.28706142728763573
0.7712642691618342
0.7089144267295953
0.028631260916038195
0.967637257862007
0.3572328879301282
0.37134997397010966
0.909230191215872
0.5550640164382684
0.651463214712557
0.715760249148573
0.5241205562478106
0.0367941106759824
0.053347432430675225
0.22423871616959376
0.3346621314424314
0.32146223979697974
0.07332381908653163
0.09267486687336236
0.13112834398358303
0.3617217261193512
0.6911147356490417
0.43085665164977505
0.25943527477119094
0.5533827636154255
0.12332239916679295
0.39137720061879466
0.7176583138121991
0.07711271171811636
0.5896854194431301
0.6953833138687012
0.5484800684049016
0.3728983907791458
0.5651393805853736
0.7095130522455716
0.8067941811327046
-0.0000006348475214758524
-0.000024971401038562837
-0.00004570853933367194
-0.00003155912413303497
-0.0001370115177342496
-0.0005305351178299888
-0.004600271967194713
-0.0006514456987680049
-0.0029978282982264623
-0.013756410031104383
-0.0031075915918988275
-0.021001795477041348
-0.02650973719817054
-0.043188687448176125
-0.06839586341202487
-0.07740419355718496
