0.7002954512773473
0.8804554357725577
0.048039584743757795
0.7460217709636148
0.007169299704995002
0.14782140162656393
0.39879205256931505
0.5730798498582069
0.7853597274322452
0.13521675744224843
0.615596685357833
0.8273049069042537
0.7594910383539744
0.059828402506599404
0.03402017578144186
0.9447123933874627
0.28181500167114526
0.1936902784834173
0.7962358694201227
0.7610189976326235
0.9191013341916494
0.2016242031644622
0.4187150284874681
0.06366382488533613
0.1632091605530078
0.8297711978608259
0.4947921028201723
0.1252025675030017
0.042441940793201065
0.0331330661402474
0.3361006779552317
0.763597020864502
0.6238440489127487
0.21425485436624914
0.9139585766097135
0.3099694557481404
0.3940871128871912
0.33923089428708963
0.2964332191419665
0.41522333374064707
0.5344741587983212
0.05578407405059956
0.6318161841654868
0.35266109350488734
0.7291540045508373
0.2829717100382073
0.48075576339869525
0.2876013331525245
0.28706940408006776
0.7712659265440747
0.7089222048111173
0.02866374266904342
0.9676438553907816
0.3572818229628367
0.37135783644828285
0.9092318377630481
0.5550716446296604
0.6514953941593006
0.7157667129053187
0.5241687079574788
0.03692973598122641
0.05348112436214539
0.22434516748732836
0.3347879727674626
0.32161049851039397
0.07347017047706393
0.09279128357215853
0.13126604555089155
0.36186791794455464
0.6912590206232851
0.43097143471601745
0.2595710443387107
0.553510481949485
0.12344790268332217
0.39147736783205817
0.7177765788484934
0.0772599356640456
0.5898307235000904
0.6954989057397922
0.5486167803620453
0.37302282660618713
0.5652616195913364
0.7096105894823198
0.8069094536180857
-0.0000006243158973075819
-0.000024847499901842602
-0.00004546139140137294
-0.00003142998214898922
-0.00013646176572989049
-0.0005288811007676558
-0.004592161133659675
-0.0006497645029484344
-0.002989909672973144
-0.013723458873840088
-0.0031008635141432555
-0.020952044081588062
-0.026358619543941437
-0.043039339609410636
-0.06827715010890457
-0.07726373104702289
