0.33723233362381516
0.7658216111305376
0.08166716817253489
0.0863814895336535
0.08117979430443117
0.4051432816740383
0.867712559708005
0.9464889206873507
0.6315399568521104
0.8617260016978309
0.553549813259326
0.9424333275822886
0.17119939534734094
0.9213687472360597
0.1320960297009936
0.4738313027255425
0.08710266179319659
0.6890589698396975
0.25841329124303947
0.614013033605131
0.5264153145932002
0.5258833001396755
0.7971115370403429
0.893064353578997
0.5532841706997923
0.6248800665618441
0.7923438432765904
0.6452580558998003
0.8598080172891258
0.37294718944592303
0.4264350173826641
0.8818421048763293
0.37333154575810606
0.4298291643504365
0.7222153922569768
0.1955443562144103
0.6858638942230789
0.24161004151103152
0.19472706653380562
0.4665789338865845
0.3284209550938901
0.9550199627066297
1.217009992228084
0.6270137667754054
0.660253738749978
0.9427547358347237
0.4724518908325857
0.9948991278850936
0.5616656521727033
1.129796792519444
1.1373164857796472
1.1355072331896057
0.33206913797164084
1.0438689181152774
0.49784281634406247
0.7055278500519376
0.8836956701329749
0.24977845075819904
1.009123093108653
0.7709594122142586
2.0326672189209885
1.982298637305031
1.9453722353129856
2.4821935912782838
2.017720881642326
1.8017376930125388
2.4324008486744098
2.302567855749092
1.8445016325093535
2.3383581863951055
1.6227691937400552
1.8647303330983758
1.6736687316633034
2.266060895774704
1.9010128401232547
2.0096308876077003
2.0527113016590173
2.09326118204611
1.5771125987465775
1.8481640591037372
1.7650699765606606
2.3890544488605188
1.7167129496968623
1.8546804574404057
0.00810187804460496
0.00009557321293313468
0.005876071238196843
0.002563179840861326
0.007626317975673676
0.0001854120111784707
0.2725412991821143
0.18803740188028853
0.17987577568848415
0.2478635373861151
0.2732734560857533
0.12468076840341127
1.509337440113382
1.5036765722566983
1.5857252397920274
1.874479424649318
