0.7002954670378988
0.8804556171231689
0.04804033998579549
0.7460219816924532
0.007171067159797335
0.14782576876658543
0.39879207036763453
0.5730800578137522
0.7853601471480938
0.13521707624432427
0.6155976326257205
0.8273076083494284
0.7594910618179034
0.05982884741881268
0.03402128458155667
0.944712666126699
0.28181682703766864
0.19369654709440823
0.796235890225811
0.7610192503845494
0.9191017789084435
0.20162463323433535
0.41871664252215696
0.0636697373366144
0.16321730078857957
0.8297728945580968
0.49480002173529053
0.12523569744094507
0.042448674214588054
0.03318288052136173
0.3361087879395284
0.7635987133277672
0.6238519544132156
0.21428787681939623
0.9139652937515615
0.3100191412105058
0.3940951587937371
0.3392325753732943
0.29644108378570977
0.41525611374137644
0.5344808331270522
0.055833445116797865
0.6318243089075288
0.3526627857631311
0.7291618906845789
0.28300477585480166
0.4807624721823742
0.2876510038290695
0.2870774118098063
0.7712675997173933
0.7089299850205857
0.02869640887340551
0.967650459938351
0.35733082999865706
0.37136573278533813
0.9092335002538687
0.5550792753520015
0.6515277667022403
0.7157731848142951
0.5242169424527158
0.03706755481544231
0.053612068357674965
0.2244546234578596
0.3349127355192899
0.3217611617168398
0.07361352357577745
0.09291098928432083
0.13140257454393564
0.36201647985657054
0.6914003471461986
0.4310894597136557
0.25970565665317524
0.5536402628390287
0.12357082276944374
0.3915803638601962
0.7178938311217565
0.07740954530808586
0.5899730493722131
0.6956177627556475
0.5487523253847554
0.3731492772418564
0.5653813386787483
0.7097108803964632
0.8070237470527587
-0.0000006132395220604033
-0.000024719367607536982
-0.00004519722451399467
-0.0000312944461173426
-0.00013589008382410722
-0.0005272022013907914
-0.004584013742794892
-0.0006480662252631873
-0.0029819834356778025
-0.013690301096186271
-0.003094123443463339
-0.020902187921740527
-0.026205046518858223
-0.042893044634020765
-0.06815508060131764
-0.07712446120069391
