0.7002954822850148
0.8804557998797206
0.048041075477840214
0.7460221839519771
0.0071728052125019665
0.14783005201683516
0.3987920881256643
0.5730802656241839
0.7853605539357958
0.135217394155031
0.6155985586842024
0.8273102799546388
0.759491085605567
0.05982930284137059
0.034022388779516535
0.944712941138693
0.28181865774310416
0.19370282059994903
0.7962359107394441
0.7610195075188663
0.9191022264470098
0.2016250573677883
0.4187182427670353
0.0636756028660255
0.16322542754297226
0.8297745942835903
0.4948078224867031
0.12526896147355915
0.04245529058072325
0.033232280236673406
0.33611688365089976
0.76360040871135
0.6238597412146242
0.21432103107369355
0.9139718931972395
0.3100684083008494
0.394103191307959
0.33923425971194265
0.29644882997843325
0.415289030963885
0.5344873900186751
0.0558824016951057
0.6318324202583677
0.3526644810327979
0.7291696597879037
0.2830379748644311
0.4807690648421827
0.2877002632524381
0.28708540670283617
0.7712692764518264
0.7089376485417836
0.028729215226327088
0.9676569484255251
0.35737942958956276
0.37137361416668563
0.9092351661531173
0.555086790521882
0.6515602722555796
0.7157795409365946
0.5242647672007166
0.03720649037279543
0.053741064818069166
0.22455498784295097
0.33504319352175305
0.32191303985995123
0.07375474763159974
0.093020753170958
0.1315453317915853
0.3621662409748124
0.6915395745452757
0.4311976819042971
0.2598464103413699
0.55377110348402
0.1236919120536468
0.3916748087603426
0.7180164422778255
0.07756036307854276
0.5901132602868733
0.695726747663152
0.5488940549959818
0.37327676489976597
0.5654992774009597
0.7098028434248344
0.8071432643609303
-0.0000006022175568966752
-0.00002458871529812675
-0.000044934351444388017
-0.00003116087998272087
-0.00013532334979347028
-0.0005255284439649151
-0.004575879743734046
-0.0006463649286835252
-0.0029741755191705155
-0.013657009033017736
-0.0030875005034771423
-0.020852746626757308
-0.026050238721937
-0.042748918999258215
-0.06804314771711818
-0.07697883954055207
