0.7002954971796558
0.8804559812754317
0.048041777823574904
0.7460223873919244
0.007174489533421169
0.14783430106108839
0.39879210552055927
0.573080474630997
0.7853609526379123
0.1352177147720007
0.6155994688009756
0.8273129343136586
0.7594911092677894
0.05982975897039407
0.03402346063170531
0.944713214620756
0.2818204424501987
0.1937090601292802
0.7962359315171456
0.7610197655462596
0.9191026607382543
0.20162548362037042
0.41871983348646225
0.06368149610949787
0.16323356522070265
0.8297762590990108
0.4948156451885094
0.12530178649836252
0.04246196995518083
0.033281697058523727
0.3361249900718933
0.7636020691898877
0.6238675498421594
0.21435374602915128
0.9139785554595502
0.31011769172414405
0.39411123642572216
0.33923590961367817
0.2964566009754309
0.4153215161813053
0.5344940122313753
0.05593138952981335
0.631840541984868
0.352666141593574
0.7291774500486378
0.2830707365785038
0.4807757194340667
0.2877495365993206
0.2870934150240005
0.771270918895841
0.7089453365847915
0.028761593603715944
0.96766350213165
0.35742806253102255
0.3713815085883201
0.9092367976586468
0.5550943277755851
0.6515923507558712
0.7157859600779047
0.5243126174707171
0.03733913716714397
0.05387341768574934
0.22465729969258855
0.33517269658378956
0.3220580393525883
0.07389963892107795
0.09313264342750417
0.13168704273616882
0.36230922032520674
0.6916824182688327
0.43130800171440153
0.2599861325213145
0.5538960268995032
0.12381616709789084
0.39177108568584507
0.7181381642623705
0.07770435066660884
0.5902571139316953
0.6958378457015114
0.5490347457448745
0.3733984901976554
0.5656203031239483
0.7098965938245329
0.8072619192301431
-0.000000591231475335913
-0.000024457347236303407
-0.00004467798067523928
-0.00003102568455897719
-0.000134766903015533
-0.0005238668856815843
-0.004567734768653261
-0.0006446986002501465
-0.0029663455328257605
-0.013624156574945945
-0.003080814376101002
-0.02080328792047243
-0.025902443615600904
-0.042601056268299624
-0.06792904753791686
-0.076834286723099
