0.7002955120864005
0.8804561621411318
0.04804252714532011
0.7460225896262251
0.007176218468628674
0.14783865476840044
0.3987921222138833
0.573080677810353
0.7853613605388272
0.1352180281905357
0.6156003765349782
0.8273155829539317
0.7594911322851704
0.05983020925574405
0.03402457660403563
0.9447134828098648
0.2818222603654493
0.193715352651536
0.7962359518363601
0.7610200192929819
0.9191031059546708
0.2016259102322469
0.41872142037372706
0.06368743281244617
0.16324160587849063
0.8297779142943155
0.49482345981982556
0.12533418340627786
0.04246864577343968
0.03333076816614847
0.33613299992223644
0.763603720173476
0.6238753508491807
0.21438603504731293
0.9139852145039499
0.31016663210674134
0.39411918097758275
0.33923754958449165
0.29646436219253947
0.41535356379372307
0.5345006283246705
0.055980016336198
0.6318485667774071
0.3526677925535176
0.7291852333090043
0.2831030701840626
0.4807823712147891
0.28779846748669696
0.28710132268264654
0.7712725515330031
0.7089530171403974
0.02879353463795075
0.9676700510524034
0.3574763413019595
0.3713893015970526
0.9092384192506291
0.5551018591333038
0.651623988193744
0.7157923755832003
0.5243601157488259
0.037471518263414154
0.054003919906859314
0.22476694699086164
0.3352944900013432
0.32220274748683325
0.07404249816684792
0.0932525528960554
0.13182033552779732
0.36245191271139876
0.6918232603857654
0.43142622920093565
0.2601175519344339
0.5540207030978501
0.12393868922903811
0.39187427183591445
0.7182526220986046
0.07784804921996723
0.5903989514780106
0.6959569064445628
0.549167074718525
0.37351997835293266
0.5657396468575312
0.7099970811017406
0.8073734972212041
-0.0000005804259679489361
-0.00002432836813413397
-0.00004441398544197882
-0.00003089282720533934
-0.00013420664112493197
-0.0005221946030005078
-0.004559686726639898
-0.0006430419245992985
-0.0029585238746347585
-0.013591732381370071
-0.003074131865721469
-0.02075417551160714
-0.025754945806183566
-0.0424552704198081
-0.06780677257711143
-0.07669830824009395
