0.700295528158068
0.8804563450564605
0.04804327025397077
0.7460228046437054
0.007178006877293002
0.1478430440839648
0.3987921400632062
0.573080881949338
0.7853617700364351
0.13521835668739987
0.6156013223234943
0.8273182634014652
0.7594911553725
0.059830657229304425
0.034025669122502926
0.9447137511515006
0.2818241070875421
0.19372166596889087
0.7962359726923066
0.7610202739738009
0.9191035566367837
0.2016263379813743
0.4187230441914722
0.06369331697521545
0.16324975863846622
0.8297796131183701
0.4948313309006906
0.12536729666859922
0.042475349797930155
0.03338036133559734
0.33614112265300916
0.7636054149086645
0.623883208170704
0.21441904359866554
0.9139919018221792
0.3102160965110758
0.3941272399526114
0.3392392330991088
0.29647217712792584
0.41538633467324015
0.5345072713185753
0.05602916412945769
0.6318567033664788
0.352669486999273
0.7291930715874914
0.2831361187992875
0.48078905015886503
0.28784791545803723
0.2871093418190802
0.7712742270328495
0.7089607471625468
0.028826187919847725
0.9676766232023335
0.3575251198129017
0.3713972080076834
0.9092400841297099
0.5551094407571726
0.6516563463217742
0.7157988151820084
0.5244081229618591
0.03760949638279915
0.05413248565296762
0.22487600788997783
0.3354195084639648
0.32235357311597695
0.07418325367912573
0.09337183712920895
0.1319571344918826
0.3626006374589553
0.6919620251742881
0.431543836557812
0.2602524325675972
0.5541506541861854
0.12405938387497537
0.39197690021533205
0.7183701323372339
0.0779978226670762
0.5905386965780375
0.6960753417575379
0.5493028905713867
0.3736466078091654
0.5658572095092551
0.7100970218088084
0.8074880530252301
-0.0000005693410024418878
-0.000024199936855922155
-0.00004415131615059368
-0.00003075583630508719
-0.00013362819902704685
-0.0005205112324269481
-0.004551526652176365
-0.0006413415947223364
-0.0029506453115501286
-0.013558591938837874
-0.0030674208765476053
-0.020704539903625547
-0.02560121223615375
-0.04231162039353109
-0.06768512450085074
-0.07655876714399536
