0.7002955436872146
0.8804565335901411
0.04804400709429155
0.7460230147798294
0.007179732032651631
0.14784733861721366
0.3987921576805743
0.5730810943800075
0.7853621834108835
0.13521868279671195
0.6156022548356869
0.8273209584995139
0.7594911797545632
0.05983113268558548
0.034026796600973845
0.9447140311106571
0.28182594659286947
0.19372797266450506
0.7962359938940373
0.761020537910491
0.9191040109059989
0.20162678959256694
0.41872465096671624
0.06369920811169512
0.16325793478232456
0.829781312734941
0.49483921327839786
0.12540042866952347
0.04248206872137437
0.03343003090549108
0.3361492665885944
0.7636071100213798
0.6238910757169518
0.2144520623885894
0.9139986028659213
0.31026562789651874
0.39413531878767744
0.3392409171584175
0.2964800044735335
0.4154191123871914
0.5345139293775983
0.05607838166053524
0.6318648629669609
0.3526711821454434
0.7292009208283626
0.28316918443436223
0.4807957438319646
0.2878974376945833
0.2871173831364959
0.7712759033109255
0.7089684920989442
0.028858853972527666
0.9676832131498019
0.35757398223394127
0.3714051347646146
0.9092417493062787
0.5551170362675655
0.6516887088257206
0.7158052717415482
0.524456206171974
0.03774696732016858
0.054261539026793926
0.22498551605942105
0.33554461947147096
0.3225038460382256
0.07432453906496969
0.09349158997566609
0.13209405464350685
0.36274881688457233
0.6921013131770897
0.43166191021804906
0.2603874290222243
0.5542801295483123
0.12418054389278764
0.39207996685853297
0.7184877180625036
0.07814704692917897
0.5906789689093006
0.6961942478261138
0.5494388212114117
0.37377277644135387
0.5659752304294644
0.7101973955317422
0.8076026855321248
-0.0000005580450250226734
-0.000024064275422501363
-0.00004388271882565219
-0.00003061669855845135
-0.00013305633852321374
-0.0005188215137188876
-0.004543343051349142
-0.0006396403858893097
-0.0029427555376971234
-0.013525431462342375
-0.003060695135877993
-0.020654827690201667
-0.025448040124013326
-0.042167432638576904
-0.06756301163645449
-0.07641908957930135
