0.7002955601970691
0.8804567200348931
0.04804473489431218
0.7460232299283002
0.007181471091255213
0.14785165196293162
0.39879217648688614
0.5730813055062708
0.7853625942745541
0.1352190210518181
0.6156031917297663
0.8273236361617775
0.7594912043231968
0.059831594729900774
0.03402789261551128
0.9447143140432821
0.2818277729680992
0.19373420594390475
0.7962360161482537
0.7610208011502433
0.9191044625479288
0.20162723948787448
0.4187262648454131
0.06370507401982256
0.16326597584961283
0.8297829989235511
0.494846994207176
0.12543312994952616
0.042488683478329105
0.0334789490060369
0.3361572764282423
0.7636087918294766
0.6238988424284906
0.21448465372096068
0.9140052004452716
0.31031441247094044
0.3941432658975008
0.339242588031908
0.29648773024000175
0.4154514703220961
0.5345204840357256
0.056126857269984586
0.6318728867552005
0.352672863580761
0.7292086679963873
0.2832018154063908
0.48080233288936325
0.2879462046349537
0.2871252908950626
0.7712775659916365
0.7089761336560143
0.02889109351369322
0.9676896980575005
0.35762209255726296
0.3714129295435065
0.9092434009626824
0.5551245286518841
0.6517206500084117
0.7158116238227968
0.524503543069183
0.03788421888234176
0.054388071750830526
0.22509386080014454
0.3356668687289662
0.32265388252578936
0.07446307244453902
0.09361007877766434
0.13222783801660776
0.362896762257989
0.6922378867492732
0.43177873599773003
0.2605193333998545
0.5544094011863437
0.12429933149883172
0.3921819342921563
0.7186026228866315
0.07829603581582183
0.5908165074133038
0.6963118967089865
0.5495716393276673
0.3738987485084018
0.5660909408048825
0.7102967002833143
0.8077147056092592
-0.0000005460669721027219
-0.00002393007002905485
-0.00004361865912567818
-0.00003047261980458242
-0.0001324814227142546
-0.0005171379050471422
-0.004535294093551865
-0.0006379524786143611
-0.0029349667900591256
-0.013492699924865629
-0.003054073176823422
-0.02060586453993828
-0.025295106868932608
-0.04202604750310963
-0.06744218176668683
-0.07628261473242619
