0.700295575768499
0.8804569037611624
0.048045449665094456
0.7460234351468155
0.0071831847465863435
0.14785592292587557
0.3987921940391694
0.5730815113572567
0.7853629976088939
0.13521933153231458
0.6156041093053671
0.8273262750675713
0.7594912281294502
0.05983205169050723
0.034028986279052806
0.9447145823625679
0.28182956710532864
0.19374038458593096
0.7962360371222027
0.7610210548873012
0.9191049021949382
0.20162766104149776
0.4187278549786428
0.06371091017224995
0.16327392695499063
0.8297846676852862
0.49485476695997666
0.12546539247381452
0.042495284434865936
0.03352754290803895
0.33616519627710806
0.7636104562619304
0.6239066013066821
0.21451680670111356
0.9140117843559243
0.310362873984501
0.39415112266695024
0.3392442415133101
0.2964954492881907
0.41548338823945064
0.5345270258099171
0.05617501235267391
0.6318808226827598
0.3526745278646456
0.729216408477086
0.28323401447002167
0.4808089096670614
0.28799465797616935
0.2871331114682512
0.7712792117820108
0.7089837698968444
0.0289229048841705
0.9676961717090741
0.35766989575559194
0.37142063782581664
0.909245035913113
0.5551320166711753
0.6517521662975868
0.7158179654050058
0.5245505779354216
0.0380196487299507
0.05451564365622333
0.2252042653603984
0.3357850584095879
0.3228019247394917
0.07460273294675529
0.09373081419123691
0.13235718070727687
0.3630427418684481
0.6923755737004847
0.43189777817018243
0.2606468600848926
0.5545369626386343
0.12441910557452344
0.392285846302529
0.7187137083283133
0.07844304484801097
0.5909551670958355
0.6964317777550431
0.5497000478401206
0.3740230582266946
0.5662076162385156
0.7103979014829263
0.8078230109582049
-0.0000005347533115452165
-0.0000237985955479618
-0.000043357065967226634
-0.000030338298008152504
-0.0001319191439083384
-0.0005154804081050921
-0.004527335534681986
-0.0006362821118832072
-0.0029271866000784535
-0.013460409016005226
-0.003047465350919336
-0.02055722801430563
-0.025144208120850997
-0.04188351766982327
-0.06731906395080743
-0.07615066802280061
