0.7002956247553075
0.8804577826849334
0.04804845364059759
0.7460241437208074
0.007193148973485295
0.14788334163368602
0.39879225467104945
0.5730827208030761
0.7853651054684264
0.13522013390229737
0.6156088192564413
0.8273422561873501
0.7594913224834332
0.05983501269766031
0.034034654988455204
0.9447157683937163
0.28183945339321753
0.19378419264315194
0.796236103967979
0.7610225512093097
0.9191071934338024
0.20162900945253096
0.41873794851048046
0.06375462269321189
0.1633241130236862
0.8297961046793387
0.49490498676474615
0.1256802125636859
0.04253624620750436
0.03383940859431888
0.3362151833394596
0.7636218685715528
0.6239567594398241
0.2147309226030836
0.9140526613214618
0.3106739634357761
0.39420085253599363
0.33925560947026007
0.29654548187586954
0.4156965082342269
0.5345677625430947
0.056484947425342165
0.6319309991590394
0.3526859511310655
0.7292664985343472
0.28344872810851335
0.4808497918443462
0.2883061035700525
0.2871826637755858
0.7712905421857706
0.7090332458348838
0.02913561391751126
0.967736457230654
0.3579776530628554
0.3714693058269654
0.9092562963361116
0.555180304673078
0.6519626945250648
0.7158571956150712
0.5248522170489525
0.039025240866168064
0.05533515984498623
0.2258103604978884
0.33657283453213943
0.3239007192397538
0.07549990051898549
0.09439330385068222
0.13321902764916596
0.3641263164186726
0.6932601118281836
0.43255103146290236
0.2614966907219695
0.5554845913911453
0.12518800216083925
0.39285654359632305
0.7194541425402257
0.07953426891152493
0.5918459441931141
0.697089636500974
0.5505557554038311
0.37494665839332036
0.5669567029574638
0.7109535925006699
0.8085451348769839
-0.0000005006053118818603
-0.000023125826500644393
-0.00004215855090153761
-0.00002994564378272863
-0.00012900663047781213
-0.0005050276991947489
-0.004477128282014123
-0.0006248399378744305
-0.0028769456917061105
-0.013245497834885609
-0.003006485642396497
-0.020245238732720276
-0.024024480657663518
-0.04096779182717941
-0.0666436240332226
-0.07527160729974
