0.7002956734231475
0.880458665167154
0.04805156705826461
0.7460248556727471
0.007203431576319283
0.14791175101515555
0.3987923124120865
0.5730838944838096
0.7853671987222369
0.13522089084950442
0.6156136631992223
0.8273584496463405
0.7594914139347122
0.059837954466079035
0.03404044245515151
0.9447169223019622
0.2818496734952123
0.19382913832639656
0.7962361669038794
0.7610240416066828
0.9191095331187207
0.20163026803556774
0.4187483022276082
0.06379910939961596
0.16337538804709426
0.8298075150139422
0.4949566584568564
0.12589500395319542
0.04257870145954815
0.03415753360934617
0.3362662637646951
0.7636332544838358
0.6240083669298818
0.2149450273285849
0.9140950310719773
0.3109913202142025
0.3942516625425123
0.33926695032382087
0.29659695273807
0.41590959142094525
0.5346099796948602
0.05680108262842014
0.6319822740129121
0.3526973492771779
0.7293180388838046
0.28366345450483704
0.4808921678514787
0.288623832640937
0.2872332960007635
0.7713018456526751
0.7090841543122084
0.02934829421445381
0.9677782202907039
0.3582915956450659
0.3715190363168068
0.9092675287273938
0.5552299987331046
0.6521731783731489
0.7158978778810758
0.5251599304541004
0.0399966920963628
0.056209237201101624
0.22644713720724266
0.33735910879137077
0.3249621527815399
0.07645671168514427
0.09508934412232221
0.13407915017457805
0.36517306011254175
0.6942034690568962
0.43323737077116986
0.2623448427801118
0.5564002580866096
0.12600838862829972
0.3934562046801457
0.7201933186102606
0.08058839745745139
0.5927959498748719
0.6977808122563989
0.5514097643661463
0.37583924022890786
0.5677560928992695
0.7115376102936024
0.8092661501290097
-0.000000468464611478624
-0.000022464347628235243
-0.000040944424474048595
-0.000029581203993532448
-0.0001260342251652485
-0.0004944034222344641
-0.004425834291921219
-0.0006134245964842581
-0.002825253779721015
-0.013030622037412723
-0.002964013798632877
-0.01992699874360911
-0.022942840944523816
-0.03999124574191279
-0.0659339653282536
-0.07439432863576867
