0.18289082832563117
0.5344030532964587
0.3013023304851612
0.11231734242027737
-0.018261015776309144
0.20768367864940296
0.3142909042786962
0.7996255318941228
0.8936092712346224
0.5550951973797651
0.17319376680572715
0.6054730862493531
0.31594400772609704
0.73528262080758
0.27140822609570475
0.14038950725064933
0.6434995484565071
0.6426416564405032
0.43886049884687955
0.5209255785526087
0.6753136761621481
0.5737793080671687
0.3185078711504059
0.04999517378858121
0.4261105644066145
0.7553094250014509
0.3958870350432546
0.9075811882476827
0.2202178571906607
0.24324356398057334
0.6955115005200649
0.8081672703780111
1.1935394367860124
0.8417178715197808
1.0982428742603982
0.5774304116364584
0.5138032580682528
0.6750368632543072
1.111166324403091
0.543207104247783
0.9130460356125424
1.081633437666027
0.4877241451581288
0.5575612061014058
0.23787869030291717
0.415650792853345
0.4313319948753712
1.1100531403376863
0.498250099487541
0.870617651695682
0.43485299885899975
1.0789486562148227
0.7589239101571621
1.0083011409485227
0.820673989079724
0.5401982250864952
0.7566078866724638
1.0150130808475044
1.0482708824617688
0.36765324051835047
1.479637271069166
1.8549451188582406
1.7969631070140897
2.1746126217714448
2.3946282741669505
2.5514784498247214
2.021335960362219
2.238782694639677
2.3097299271690535
2.028661386676545
1.9782123281971873
1.886857627970584
2.4341177500680677
2.3037873620619234
1.7920952767823861
2.6393797458866137
2.1929382649684084
2.793761796730838
2.443341990550082
2.5145094063111593
1.7028264219233513
2.6083805855230158
2.4060990728903273
2.750205912047508
0.02361277252295277
0.005411390970760528
0.011910742444823076
0.0346301598915053
0.03832779631612362
0.022160081116357117
0.42515328786060186
0.25946922244732534
0.1996353817014994
0.11888684919782737
0.20855386714703336
0.22545378859427626
1.456721193575128
1.9034018311791134
1.5299194793844835
1.8990485270586213
