0.1486963400068725
0.528746561013671
0.2842693164964521
0.04924451150272064
-0.0009229558823256382
0.19296650408624044
0.28406433001726505
0.7939600634335893
0.8816030841103926
0.5183180472230012
0.1430248458471429
0.5677117808276224
0.27151603550802217
0.7282689587134098
0.25189259709815254
0.06701667045268753
0.5750438270262912
0.6111244828278316
0.4038821388207163
0.5139920927187168
0.6619345615350674
0.5353336019492376
0.26142538605039134
0.032685020797861536
0.16003624020738322
0.587834584436725
0.24949834412089952
0.8210950458878631
0.0834007396947923
0.09838422986176566
0.4158745909390118
0.6321705929416852
1.0402902039711839
0.750604176508791
0.954447666213167
0.42481804537111423
0.23646791314987828
0.5004064209752513
0.9589833155121225
0.45288807332253134
0.7703806479718588
0.9303623486017456
0.2233663439444803
0.3906984439115761
0.09192627036844182
0.3295040367264146
0.2950408489711842
0.966023471057714
0.22989161865522553
0.7022216868658733
0.287915677590334
0.9916264636276194
0.6214579008370219
0.862396043610819
0.5472683868554538
0.36825644955847137
0.6062537145053079
0.925979406980176
0.9079683000136753
0.21900992280053833
0.4070619555703311
0.6250302144989589
0.7209984781942052
0.9405556224622081
1.2857861849616583
1.2769789008367318
0.9079935782023414
0.9608962801302919
1.2019759247507746
0.7551559335506357
0.8656973766063014
0.6099407685029715
1.3124122567143037
1.0137470838232403
0.6655370466456749
1.3457921522364622
1.0767943721772344
1.5104962731349905
1.3225131845580047
1.2275696909061051
0.5891305207411686
1.3277180952340661
1.287737609357064
1.4666630168931258
0.005566029493939225
0.0012910961252946861
0.0030109897624044832
0.010991186123739206
0.011401130496313147
0.005500288429166227
0.14399178813034216
0.08245894606730372
0.04559650048448189
0.027205993188547783
0.06391782703737135
0.07191129653031399
0.32278940635445474
0.597162154533576
0.39021260118732276
0.5900766564870393
