0.16962380288261658
0.5322284648165798
0.2948783576718573
0.09120373484795984
-0.012539296017467644
0.20176502535479432
0.3024733007695191
0.7974425702940708
0.8890615297498182
0.5422712477328326
0.16205550224156665
0.5913317584729644
0.2990761763242786
0.7325835099761672
0.2640634219143092
0.11617598217738133
0.618815821105294
0.6307314880650053
0.4251850058505304
0.5182192452877761
0.6702029489182441
0.5603831131565361
0.2977464353077476
0.04248782008532522
0.33852993379514246
0.6950928730643501
0.33858593758605765
0.8712571014850915
0.16902511100335274
0.18958223734701182
0.6040113833168538
0.7452277927794477
1.1337980911780963
0.8036644312213712
1.0447326718515744
0.5212442611185114
0.4229857578625468
0.6125518342418579
1.051822375149606
0.5054567590042235
0.8599245459496653
1.0258952137952029
0.4002216375967903
0.49731520079350294
0.18054761915206446
0.37932412945350996
0.3801217108074787
1.0564312270492633
0.41008135140428925
0.8101035491509025
0.37733122206596603
1.0423379497204488
0.7075063264053657
0.9543112004952374
0.7311081279366201
0.4786359250290256
0.697996438034457
0.9777929768958558
0.9959767728704924
0.31281310948982666
1.0291785168330496
1.3394330089116038
1.3415643357313636
1.6569020035772308
1.9377627806211457
2.0280476226014
1.559296332487728
1.7132965787053787
1.8535605023283332
1.506012854086117
1.5168259678989522
1.3621510504528285
1.974415245745706
1.7769910174595662
1.3271479658438357
2.110458793032534
1.7344581784436552
2.268420908044217
1.979644798959279
1.9870360788323211
1.2449215095313317
2.083621593963894
1.9429772184254535
2.223510661723772
0.016587003083770705
0.003828043529268243
0.00854155599764838
0.026396723180566233
0.028409699500740935
0.015782774718543134
0.33316919094090186
0.19618114522235872
0.1395922951445964
0.08060810839500715
0.1547440198059986
0.16894149437466735
0.9929361866039008
1.3712607365676455
1.0605646267640911
1.3650469665228286
