0.16375762502345956
0.5312505499973876
0.2919009634695985
0.08068962673674757
-0.009581469828513553
0.19922173924255054
0.2975439299121472
0.7964963506090181
0.887028339937104
0.5362608047294595
0.15790942622118387
0.5852169658087434
0.29147117397688443
0.7314046942979909
0.2606627571540977
0.10397197410167303
0.6075972279119141
0.62547494518601
0.41934222019797934
0.5170399444939943
0.6679232674454796
0.554094771179843
0.2888260894810561
0.03956932363226709
0.2947870636796602
0.6671424085168106
0.3134581591957546
0.856396420583649
0.14601196571291072
0.165252419615919
0.5581432117927906
0.7159076519092864
1.107520299401408
0.7880254804720725
1.0205887982563553
0.49566226227870924
0.37749461696178666
0.5834605745943429
1.025731178880428
0.4899558814408851
0.8359711895198018
1.000538555953383
0.3567066604176888
0.4694537855923939
0.1554957594276256
0.3645227824790309
0.3571875591319289
1.0322245899680043
0.3659322108790844
0.7819674756462627
0.35207123644689436
1.0273216408454193
0.684354571004023
0.9297801448566225
0.6862364841553279
0.44998130480238774
0.6722186316914599
0.9625100405893134
0.972406080264511
0.2878760456764576
0.8493364459192612
1.1241504018759683
1.1644881915764345
1.4468902650721758
1.7532616586599525
1.8067701579355806
1.3775199101262343
1.4976142185419012
1.6693404986205436
1.285059416326943
1.3352965006462556
1.1467690395126757
1.788070385378198
1.5534095556665692
1.1435226142927966
1.8925151269658682
1.5489176876960173
2.045858156482724
1.7968285892649463
1.7700577385443055
1.0597396509123522
1.8614421878765448
1.7605131791693327
2.0070334381532393
0.013527527527202054
0.003126328307115513
0.007010450785724323
0.022440398947744095
0.024061244032400963
0.012985041198184144
0.28705243685834625
0.16669267334048501
0.11317801849401464
0.06487176640495992
0.13045980910392072
0.14320531324527783
0.8045913153465947
1.1449601521214037
0.8748417248764464
1.1445744486866736
