0.18779127820754588
0.5353088209087421
0.3039546352245658
0.12044368245242508
-0.029071458846781268
0.20885738580398072
0.3185221417140338
0.8005055616160583
0.895408973156487
0.5599147625414527
0.17225843587703393
0.6108647839470809
0.3224077142801846
0.7362564058850559
0.27416765641241553
0.14975527724346724
0.651484943298604
0.6467869801270156
0.44397405870337864
0.521946681910584
0.677216064785537
0.5786110353192003
0.323670695088297
0.051876302075825144
0.4531491693684522
0.7755507408606618
0.4164957479149215
0.9208149180243457
0.2376699797073276
0.26099104422115577
0.7238045125957295
0.8293451709163788
1.2150299248496674
0.8555956530097444
1.1165093351522233
0.5960469621508259
0.5418750528927598
0.6960564033265473
1.1325112864403393
0.5569724172070033
0.9311733371242884
1.1000938608899031
0.5147380650976796
0.577812176369152
0.2584955748101373
0.42888912442998917
0.4487867319184497
1.127785615331997
0.5257738005064715
0.8911773630139258
0.4557389154070595
1.0924415954906261
0.7766431024218875
1.0263636412895851
0.8483752137434296
0.5609254977462478
0.7777107864511404
1.0285965477299466
1.0661297304257826
0.3858235861148946
1.7358350992640004
1.9781998030571206
2.0514755962399986
2.2921226951277593
2.6529656641429122
2.6758833291695625
2.2780350361919015
2.357315314575132
2.5677272243135394
2.1529178366736788
2.2346029011916415
2.0052390236952236
2.6934667602810993
2.428701291672723
2.0498158553307775
2.7584023962360296
2.451855999795502
2.918473104486935
2.700635927590052
2.633339660672235
1.9615305580299152
2.7329941026075932
2.6631693829768617
2.868899899834762
0.02630230948611861
0.006022510201497188
0.013188510305490748
0.03773209335284974
0.04114579459421492
0.024428424066130824
0.45361087235330444
0.2807740388571833
0.22124065697784925
0.1328532261232076
0.22693165065489174
0.2441891166407052
1.717979271663961
2.029460886449216
1.7896820694210973
2.01902213505123
