0.15662333274485485
0.5300779054376737
0.2884136508905034
0.06718401711294235
-0.0071793374495096795
0.1961305558031078
0.2910803326580563
0.7953026775603187
0.8845238024592053
0.5283872326997573
0.1499626778442804
0.5772197426008897
0.2824027796896933
0.7299576315935872
0.25673755069128723
0.08858110488661064
0.592842421564069
0.618930347367893
0.41211364215648577
0.5156225107175182
0.6651895018974441
0.5459471780531869
0.2761038296007864
0.03636661070457847
0.23422763300353633
0.6305611439383291
0.28233090885386414
0.838874297774003
0.11662807230534791
0.13403615796027774
0.49449110418101405
0.6774304581500302
1.0749013775360312
0.769528399107778
0.989675282737898
0.46274196838312437
0.31435068271763944
0.5452762780592103
0.9933333610743186
0.4716202583672326
0.8052962166710561
0.9679034039709553
0.2965013299139599
0.43299145883640555
0.12445470873604583
0.34707597531798745
0.32791030806223254
1.0011838980402377
0.30498155560115037
0.7452625514826587
0.32089557618900794
1.0096588896515941
0.6548928275565832
0.8984002151378527
0.6239707911655017
0.41238210210189924
0.6402036677948344
0.9444348575875448
0.9422382542676085
0.255809422089646
0.6326675593731758
0.8796550060016413
0.9439957563317817
1.199017632988178
1.5276480524366869
1.5516451367879498
1.1476993063034995
1.239092592129248
1.4439590152599322
1.0301419461449557
1.1056643956757863
0.8884566567405624
1.559282938998764
1.2945521306643766
0.9104068563176653
1.6301762582245833
1.3215129376644548
1.7886389888564442
1.5651585465350313
1.5093539673130658
0.8329265005180329
1.6048481250177218
1.5294377487190145
1.7471353293961633
0.00978420072921779
0.002272186670174805
0.005178850865528419
0.017449008748827845
0.018121320723785316
0.009532012467973607
0.22306054208435835
0.12799614221803937
0.08039341930278417
0.04625920012793807
0.09936738955239742
0.11008614898983685
0.5730310245603026
0.8825138676804394
0.6387242417361411
0.878791252921688
