0.17884768565617018
0.5337001664679925
0.2992953230206425
0.10623245156701909
-0.01677884380234328
0.20562386969827534
0.3106533182532236
0.7989269318610787
0.8921766666767529
0.5512796178307887
0.16981299150057347
0.6010591206664739
0.31078932645058605
0.7344123360312392
0.26910598826815074
0.13333751455065612
0.6360676480386499
0.6388176967632734
0.4345706955770228
0.5200447954651767
0.6736812672086089
0.5697463059704784
0.3119625427987348
0.04720909417370582
0.40175028624605774
0.7379440163787911
0.37904855337492527
0.8965110758532112
0.20522742887777365
0.22757814277398025
0.6700386497681166
0.790001775302728
1.175967151868401
0.8301123204750942
1.0825625811344473
0.5610175381904156
0.4885288579115076
0.6570093076740171
1.0937179203447032
0.5316976984802197
0.8974848582158469
1.0653561318828104
0.46334987152298107
0.5401666489013929
0.2210130417276647
0.40456597288579826
0.4163175782802521
1.0943766133019914
0.4737424681031264
0.8531729130569013
0.41795339461444314
1.0677991693031312
0.7438735422907915
0.9925491655489448
0.7957901720052372
0.5224644827458778
0.7394043238805911
1.0036845175231306
1.0329749295671655
0.3516614695993037
1.343668160982419
1.6947227992871114
1.6542446153615011
2.0182650135695805
2.257230051326522
2.3894251523301016
1.8770713543471798
2.0806911042358327
2.1725252666127957
1.866837349057518
1.8341403587412222
1.728983779674282
2.296051048626118
2.1409220628303935
1.6471206887114545
2.4804768223286757
2.055153581981732
2.6312409544027173
2.298667010013551
2.355938931173395
1.5651846128851206
2.4460026714794956
2.261569219381284
2.5918287106572784
0.021411233952030113
0.0048997527389136545
0.010839925582691142
0.03214358099591649
0.03523350770440496
0.02008364366750636
0.3995338611405176
0.24119495110396993
0.1819663738980638
0.10720751855218585
0.19277905990327926
0.20893865055004107
1.3175303079755871
1.7390240570676108
1.3836857005691323
1.7387379951842696
