0.17464820277979048
0.5330199988791806
0.2972317029902432
0.0995757251860761
-0.014501146607186296
0.20390479968126182
0.30691443009085273
0.7982451852647463
0.8907055639152834
0.5471662403899724
0.1667705022842819
0.5966943058617062
0.30528425508946483
0.7335385384175297
0.2666593927206822
0.1255257472625351
0.6281705635408735
0.6350657446985948
0.4303007246042326
0.5192026067687188
0.6720659192465286
0.5655553996353914
0.3058176904849175
0.04510004375529679
0.3743310611783042
0.7190473323176979
0.360981966002807
0.8849909489813899
0.18911154770250524
0.21063995562880541
0.6413806920566922
0.7702427175446498
1.1571247035682952
0.8180390167687595
1.0657120263893904
0.543276516151486
0.46009526879245294
0.6374001294921655
1.0750072328148694
0.5197250456121989
0.8807623702138326
1.0477629894800737
0.4359643601210918
0.5212685176922536
0.20294471362153532
0.39305015241095914
0.4002028174877391
1.0774579163464062
0.4460871232205718
0.8341437870482263
0.3997805585385865
1.0561644109571164
0.7276543221339866
0.9754736131990107
0.7677196225393657
0.5031244503597883
0.720905075270861
0.9918666122559903
1.0164951945600869
0.33433235994847327
1.2027453978367628
1.5352918408478247
1.5083482660974774
1.8490150895881512
2.114436043041278
2.227678832946516
1.729166116080917
1.909042373514963
2.029948968499359
1.705334475796606
1.6864488872307513
1.5575894721043726
2.1524119674216164
1.978178372754581
1.4983230952195843
2.307749865260116
1.9118770365311146
2.4689271071211785
2.150254074676099
2.1836637481694234
1.4220828380136707
2.283862006611812
2.113333873546513
2.419802287938624
0.019167875343193974
0.004402494806433812
0.009748525481675131
0.029501905056646897
0.03219663970069351
0.01812242473741023
0.37072497634306634
0.22132698927630753
0.16302927235382209
0.09506327827804284
0.17583488775979547
0.1910956371016439
1.172636575296475
1.5746450040800926
1.2335031575088058
1.5643691743936936
