0.19252799864662903
0.536126841708679
0.306394312876272
0.12770749730417705
-0.03615496315112793
0.20995881056917287
0.3225650403090559
0.8012771318121635
0.8970091940872652
0.5641623483522841
0.17383339007855395
0.6155789516574827
0.32800340342882145
0.7370891374350858
0.2765907843252584
0.15761685242588094
0.659236085078671
0.6500345723153901
0.44826597829036563
0.5227430218350843
0.6787563648411291
0.5825359310292916
0.3287751468767573
0.05241513893520594
0.4801685611991972
0.7958489228884952
0.4368913368405214
0.9348110221754872
0.2555771758222634
0.27953581527590216
0.7518610704680334
0.850433293514791
1.2361751068615054
0.8701609684894402
1.1351117147261809
0.6153380020333714
0.5697428357788148
0.7170063005686593
1.153528191305088
0.5714350645796459
0.9496527968194017
1.11924642469575
0.5417613892341957
0.5981349579049637
0.2789147674559467
0.44290056186166704
0.4667102937489807
1.146333278104247
0.553059942864831
0.911652374671601
0.4762828599263552
1.1065997283512745
0.7946973689012946
1.0450882812396785
0.8759976363551659
0.5816770260337628
0.7985691541300095
1.0429318903805025
1.0844240562742362
0.4047700444830118
1.9435375182634396
2.1688371512095665
2.272184100360844
2.4774353625706365
2.8619778707045422
2.8678314309012687
2.5001941058932227
2.543867310776022
2.7765098402195574
2.3446465893529758
2.4565401996014122
2.1915741458928166
2.9031188488204043
2.621244864437194
2.272669527025187
2.9455506816230694
2.6612468648896397
3.1107684094707655
2.9232132955985852
2.820244675939005
2.1707714493463617
2.925176010914885
2.885577531465759
3.0556539502682805
0.028687268736378654
0.006539405335389535
0.014310972685200957
0.04040821984398497
0.04399773656789968
0.02623302657063907
0.4817998234301634
0.30196572076555256
0.2424808675068175
0.14749420304606745
0.24562581660038327
0.26357895620862104
1.9290233824405594
2.2234423040864764
2.0141511677773134
2.2074817924282355
