0.16440376568376325
0.5312569031910174
0.2921010777385836
0.0818533173998981
-0.007886592853651517
0.19964916650038478
0.2978130903761209
0.7964757133248471
0.8870824783064123
0.5367709127917939
0.1586394543767581
0.5854679729324638
0.29227543339963397
0.7314110600728756
0.2610086157709575
0.10552470740444099
0.6085617406816498
0.6258810388584108
0.41968326971738873
0.5170659916777888
0.6680284773399766
0.5545703923010576
0.2895403728369728
0.04078543146683657
0.299217908728203
0.6695727257317762
0.31562696833576315
0.8576254951618452
0.14813415926339488
0.1676312663507589
0.5626931391339692
0.7183977111921432
1.1097459469959192
0.7892847445038782
1.0227673174115086
0.4981070294027285
0.3820209692966433
0.585938460484369
1.0279446151167468
0.491208770663583
0.8381387122952887
1.002970271622578
0.3610433208373534
0.47181995828087064
0.15760683751068763
0.3657221034704249
0.35926245307442933
1.0345540699528417
0.3703461975392342
0.7843949742904139
0.35424325315149385
1.0285498776440827
0.6864684828008715
0.932146214348608
0.6906962636436116
0.45241837911586
0.6743939090195622
0.9637437901755145
0.9745369906326472
0.29027447083084507
0.8540229769702039
1.1378028035173593
1.1915159251848948
1.4706686857843945
1.7579532709356243
1.8209163100940264
1.4054025733301345
1.522165728844521
1.6740099332877667
1.2991866070545812
1.3631376639450996
1.1712817156459487
1.7927769970830245
1.5677382636795163
1.1717343796867412
1.9173578142474659
1.5536128832409801
2.060106481639756
1.8248945266561267
1.794771466212411
1.0644338496749226
1.8756629327168408
1.7885191529661257
2.031697209909073
0.013676243778123775
0.0031221209681784536
0.007063685329248372
0.022744838939394926
0.024323081683981698
0.013169462396331147
0.29159809312761575
0.16918038013905576
0.11540292496235191
0.06612995314279445
0.1326372759208385
0.14564852135147865
0.8093284810300001
1.1594669008900733
0.9033888535272495
1.1696995641694716
